intensity ch0
0.001953125 0
0.005859375 0
0.009765625 0
0.013671875 0
0.017578125 0
0.021484375 0
0.025390625 0
0.029296875 0
0.033203125 0
0.037109375 0
0.041015625 0
0.044921875 0
0.048828125 0
0.052734375 0
0.056640625 15
0.060546875 18
0.064453125 22
0.068359375 18
0.072265625 41
0.076171875 48
0.080078125 43
0.083984375 67
0.087890625 86
0.091796875 100
0.095703125 107
0.099609375 103
0.103515625 200
0.107421875 242
0.111328125 251
0.115234375 230
0.119140625 312
0.123046875 245
0.126953125 305
0.130859375 348
0.134765625 462
0.138671875 425
0.142578125 505
0.146484375 613
0.150390625 546
0.154296875 510
0.158203125 656
0.162109375 664
0.166015625 711
0.169921875 806
0.173828125 883
0.177734375 965
0.181640625 871
0.185546875 1019
0.189453125 1127
0.193359375 1148
0.197265625 1305
0.201171875 1401
0.205078125 1325
0.208984375 1412
0.212890625 1625
0.216796875 1743
0.220703125 1920
0.224609375 1929
0.228515625 2177
0.232421875 2307
0.236328125 2473
0.240234375 2377
0.244140625 2436
0.248046875 2549
0.251953125 2557
0.255859375 2522
0.259765625 2285
0.263671875 2183
0.267578125 2027
0.271484375 1983
0.275390625 1764
0.279296875 1624
0.283203125 1653
0.287109375 1560
0.291015625 1443
0.294921875 1492
0.298828125 1482
0.302734375 1387
0.306640625 1372
0.310546875 1391
0.314453125 1334
0.318359375 1340
0.322265625 1129
0.326171875 1065
0.330078125 950
0.333984375 952
0.337890625 929
0.341796875 820
0.345703125 716
0.349609375 675
0.353515625 639
0.357421875 642
0.361328125 606
0.365234375 570
0.369140625 496
0.373046875 536
0.376953125 511
0.380859375 605
0.384765625 532
0.388671875 599
0.392578125 595
0.396484375 624
0.400390625 737
0.404296875 823
0.408203125 849
0.412109375 879
0.416015625 1015
0.419921875 1172
0.423828125 1309
0.427734375 1419
0.431640625 1696
0.435546875 1813
0.439453125 2046
0.443359375 2128
0.447265625 2387
0.451171875 2875
0.455078125 3078
0.458984375 3333
0.462890625 3709
0.466796875 4253
0.470703125 4789
0.474609375 5258
0.478515625 5830
0.482421875 6194
0.486328125 6702
0.490234375 7529
0.494140625 7888
0.498046875 8398
0.501953125 9051
0.505859375 10079
0.509765625 10643
0.513671875 11259
0.517578125 12000
0.521484375 12768
0.525390625 13146
0.529296875 13595
0.533203125 14055
0.537109375 14567
0.541015625 15052
0.544921875 15537
0.548828125 16118
0.552734375 16326
0.556640625 16411
0.560546875 17016
0.564453125 16679
0.568359375 16837
0.572265625 16821
0.576171875 16620
0.580078125 16210
0.583984375 15747
0.587890625 14890
0.591796875 14222
0.595703125 13779
0.599609375 12847
0.603515625 12527
0.607421875 11406
0.611328125 10280
0.615234375 9536
0.619140625 8641
0.623046875 7723
0.626953125 7286
0.630859375 6538
0.634765625 5740
0.638671875 5283
0.642578125 4774
0.646484375 4177
0.650390625 3798
0.654296875 3382
0.658203125 3056
0.662109375 2637
0.666015625 2483
0.669921875 2359
0.673828125 2065
0.677734375 1891
0.681640625 1780
0.685546875 1543
0.689453125 1391
0.693359375 1238
0.697265625 1333
0.701171875 1087
0.705078125 979
0.708984375 813
0.712890625 790
0.716796875 844
0.720703125 717
0.724609375 607
0.728515625 490
0.732421875 494
0.736328125 445
0.740234375 354
0.744140625 347
0.748046875 304
0.751953125 276
0.755859375 205
0.759765625 210
0.763671875 185
0.767578125 147
0.771484375 154
0.775390625 129
0.779296875 100
0.783203125 106
0.787109375 84
0.791015625 81
0.794921875 78
0.798828125 74
0.802734375 73
0.806640625 68
0.810546875 44
0.814453125 57
0.818359375 51
0.822265625 41
0.826171875 30
0.830078125 33
0.833984375 40
0.837890625 32
0.841796875 28
0.845703125 31
0.849609375 27
0.853515625 13
0.857421875 20
0.861328125 13
0.865234375 24
0.869140625 15
0.873046875 19
0.876953125 18
0.880859375 9
0.884765625 22
0.888671875 11
0.892578125 18
0.896484375 11
0.900390625 14
0.904296875 19
0.908203125 11
0.912109375 20
0.916015625 11
0.919921875 19
0.923828125 17
0.927734375 13
0.931640625 32
0.935546875 28
0.939453125 13
0.943359375 18
0.947265625 35
0.951171875 32
0.955078125 42
0.958984375 23
0.962890625 35
0.966796875 49
0.970703125 92
0.974609375 51
0.978515625 111
0.982421875 37
0.986328125 55
0.990234375 0
0.994140625 0
0.998046875 0
