intensity ch0
0.001953125 0
0.005859375 0
0.009765625 0
0.013671875 0
0.017578125 0
0.021484375 0
0.025390625 0
0.029296875 0
0.033203125 0
0.037109375 0
0.041015625 0
0.044921875 0
0.048828125 0
0.052734375 0
0.056640625 0
0.060546875 0
0.064453125 0
0.068359375 0
0.072265625 0
0.076171875 0
0.080078125 0
0.083984375 0
0.087890625 0
0.091796875 0
0.095703125 0
0.099609375 0
0.103515625 0
0.107421875 28
0.111328125 42
0.115234375 41
0.119140625 34
0.123046875 50
0.126953125 60
0.130859375 77
0.134765625 121
0.138671875 193
0.142578125 267
0.146484375 356
0.150390625 446
0.154296875 408
0.158203125 442
0.162109375 547
0.166015625 568
0.169921875 592
0.173828125 463
0.177734375 590
0.181640625 504
0.185546875 419
0.189453125 433
0.193359375 456
0.197265625 413
0.201171875 342
0.205078125 393
0.208984375 428
0.212890625 665
0.216796875 824
0.220703125 918
0.224609375 1343
0.228515625 1893
0.232421875 2959
0.236328125 3865
0.240234375 4738
0.244140625 4529
0.248046875 3890
0.251953125 3551
0.255859375 3191
0.259765625 2865
0.263671875 2430
0.267578125 2148
0.271484375 2177
0.275390625 2413
0.279296875 2066
0.283203125 1752
0.287109375 1547
0.291015625 1304
0.294921875 1226
0.298828125 1455
0.302734375 1425
0.306640625 1489
0.310546875 1714
0.314453125 1814
0.318359375 1731
0.322265625 1699
0.326171875 1544
0.330078125 1284
0.333984375 1051
0.337890625 758
0.341796875 756
0.345703125 641
0.349609375 618
0.353515625 589
0.357421875 557
0.361328125 512
0.365234375 412
0.369140625 424
0.373046875 383
0.376953125 390
0.380859375 419
0.384765625 363
0.388671875 377
0.392578125 346
0.396484375 307
0.400390625 333
0.404296875 333
0.408203125 372
0.412109375 362
0.416015625 368
0.419921875 433
0.423828125 397
0.427734375 439
0.431640625 492
0.435546875 477
0.439453125 525
0.443359375 659
0.447265625 711
0.451171875 857
0.455078125 976
0.458984375 1216
0.462890625 1738
0.466796875 1971
0.470703125 2139
0.474609375 2515
0.478515625 2962
0.482421875 3604
0.486328125 4523
0.490234375 5446
0.494140625 6228
0.498046875 7292
0.501953125 8298
0.505859375 9283
0.509765625 10412
0.513671875 11371
0.517578125 12599
0.521484375 12583
0.525390625 12880
0.529296875 13743
0.533203125 15094
0.537109375 16588
0.541015625 17778
0.544921875 19414
0.548828125 20065
0.552734375 21938
0.556640625 23249
0.560546875 24507
0.564453125 25611
0.568359375 27483
0.572265625 28913
0.576171875 28499
0.580078125 28298
0.583984375 27157
0.587890625 25277
0.591796875 22708
0.595703125 19839
0.599609375 15525
0.603515625 11611
0.607421875 8569
0.611328125 6077
0.615234375 4487
0.619140625 3210
0.623046875 2453
0.626953125 2101
0.630859375 1634
0.634765625 1341
0.638671875 1236
0.642578125 1065
0.646484375 872
0.650390625 797
0.654296875 708
0.658203125 633
0.662109375 516
0.666015625 506
0.669921875 411
0.673828125 371
0.677734375 291
0.681640625 251
0.685546875 207
0.689453125 195
0.693359375 171
0.697265625 151
0.701171875 149
0.705078125 138
0.708984375 104
0.712890625 77
0.716796875 66
0.720703125 74
0.724609375 44
0.728515625 37
0.732421875 36
0.736328125 28
0.740234375 18
0.744140625 19
0.748046875 24
0.751953125 21
0.755859375 24
0.759765625 23
0.763671875 21
0.767578125 14
0.771484375 21
0.775390625 11
0.779296875 20
0.783203125 14
0.787109375 19
0.791015625 19
0.794921875 21
0.798828125 21
0.802734375 14
0.806640625 11
0.810546875 7
0.814453125 6
0.818359375 23
0.822265625 22
0.826171875 16
0.830078125 16
0.833984375 11
0.837890625 16
0.841796875 18
0.845703125 18
0.849609375 9
0.853515625 8
0.857421875 22
0.861328125 20
0.865234375 16
0.869140625 16
0.873046875 18
0.876953125 29
0.880859375 38
0.884765625 27
0.888671875 22
0.892578125 17
0.896484375 12
0.900390625 12
0.904296875 15
0.908203125 21
0.912109375 26
0.916015625 52
0.919921875 21
0.923828125 11
0.927734375 9
0.931640625 7
0.935546875 11
0.939453125 13
0.943359375 12
0.947265625 17
0.951171875 18
0.955078125 8
0.958984375 0
0.962890625 0
0.966796875 0
0.970703125 0
0.974609375 0
0.978515625 0
0.982421875 0
0.986328125 0
0.990234375 0
0.994140625 0
0.998046875 0
