intensity ch0
0.001953125 742
0.005859375 79
0.009765625 83
0.013671875 105
0.017578125 98
0.021484375 101
0.025390625 124
0.029296875 114
0.033203125 134
0.037109375 136
0.041015625 161
0.044921875 169
0.048828125 187
0.052734375 204
0.056640625 209
0.060546875 253
0.064453125 259
0.068359375 265
0.072265625 275
0.076171875 335
0.080078125 304
0.083984375 339
0.087890625 379
0.091796875 360
0.095703125 425
0.099609375 426
0.103515625 435
0.107421875 524
0.111328125 516
0.115234375 537
0.119140625 558
0.123046875 601
0.126953125 612
0.130859375 661
0.134765625 685
0.138671875 762
0.142578125 708
0.146484375 777
0.150390625 787
0.154296875 836
0.158203125 789
0.162109375 934
0.166015625 947
0.169921875 917
0.173828125 995
0.177734375 992
0.181640625 1077
0.185546875 1060
0.189453125 1018
0.193359375 1150
0.197265625 1147
0.201171875 1198
0.205078125 1226
0.208984375 1222
0.212890625 1230
0.216796875 1326
0.220703125 1326
0.224609375 1359
0.228515625 1334
0.232421875 1427
0.236328125 1412
0.240234375 1420
0.244140625 1311
0.248046875 1518
0.251953125 1398
0.255859375 1388
0.259765625 1474
0.263671875 1351
0.267578125 1507
0.271484375 1495
0.275390625 1462
0.279296875 1482
0.283203125 1427
0.287109375 1478
0.291015625 1599
0.294921875 1444
0.298828125 1556
0.302734375 1459
0.306640625 1442
0.310546875 1546
0.314453125 1462
0.318359375 1496
0.322265625 1639
0.326171875 1561
0.330078125 1605
0.333984375 1712
0.337890625 1636
0.341796875 1741
0.345703125 1802
0.349609375 1862
0.353515625 1891
0.357421875 1876
0.361328125 1931
0.365234375 2116
0.369140625 2033
0.373046875 2219
0.376953125 2394
0.380859375 2322
0.384765625 2462
0.388671875 2654
0.392578125 2702
0.396484375 2940
0.400390625 2984
0.404296875 3075
0.408203125 3350
0.412109375 3466
0.416015625 3449
0.419921875 3881
0.423828125 3882
0.427734375 4133
0.431640625 4448
0.435546875 4357
0.439453125 4800
0.443359375 4829
0.447265625 5070
0.451171875 5332
0.455078125 5311
0.458984375 5636
0.462890625 6102
0.466796875 5966
0.470703125 6198
0.474609375 6786
0.478515625 6616
0.482421875 7285
0.486328125 7209
0.490234375 7309
0.494140625 7788
0.498046875 7606
0.501953125 7811
0.505859375 8406
0.509765625 8306
0.513671875 8403
0.517578125 8825
0.521484375 8612
0.525390625 9196
0.529296875 8706
0.533203125 8883
0.537109375 9422
0.541015625 9009
0.544921875 9032
0.548828125 9429
0.552734375 9301
0.556640625 9191
0.560546875 9493
0.564453125 9114
0.568359375 9540
0.572265625 9038
0.576171875 8981
0.580078125 9611
0.583984375 8796
0.587890625 8715
0.591796875 9133
0.595703125 8404
0.599609375 8263
0.603515625 8768
0.607421875 8008
0.611328125 8277
0.615234375 7864
0.619140625 7609
0.623046875 7728
0.626953125 7116
0.630859375 6993
0.634765625 7204
0.638671875 6696
0.642578125 6332
0.646484375 6540
0.650390625 5854
0.654296875 5957
0.658203125 5404
0.662109375 5349
0.666015625 5387
0.669921875 4858
0.673828125 4565
0.677734375 4711
0.681640625 4261
0.685546875 4006
0.689453125 4117
0.693359375 3742
0.697265625 3713
0.701171875 3267
0.705078125 3155
0.708984375 3021
0.712890625 2765
0.716796875 2635
0.720703125 2608
0.724609375 2329
0.728515625 2204
0.732421875 2241
0.736328125 1938
0.740234375 1821
0.744140625 1723
0.748046875 1559
0.751953125 1633
0.755859375 1405
0.759765625 1281
0.763671875 1199
0.767578125 1115
0.771484375 1058
0.775390625 983
0.779296875 835
0.783203125 850
0.787109375 749
0.791015625 700
0.794921875 652
0.798828125 583
0.802734375 514
0.806640625 519
0.810546875 479
0.814453125 397
0.818359375 447
0.822265625 350
0.826171875 332
0.830078125 263
0.833984375 259
0.837890625 254
0.841796875 207
0.845703125 202
0.849609375 188
0.853515625 170
0.857421875 155
0.861328125 168
0.865234375 144
0.869140625 123
0.873046875 112
0.876953125 101
0.880859375 93
0.884765625 91
0.888671875 87
0.892578125 67
0.896484375 56
0.900390625 64
0.904296875 47
0.908203125 37
0.912109375 60
0.916015625 37
0.919921875 35
0.923828125 46
0.927734375 34
0.931640625 38
0.935546875 27
0.939453125 21
0.943359375 27
0.947265625 18
0.951171875 17
0.955078125 26
0.958984375 24
0.962890625 21
0.966796875 11
0.970703125 12
0.974609375 11
0.978515625 13
0.982421875 8
0.986328125 11
0.990234375 15
0.994140625 9
0.998046875 690
