intensity ch0
0.001953125 0
0.005859375 0
0.009765625 0
0.013671875 0
0.017578125 0
0.021484375 0
0.025390625 0
0.029296875 0
0.033203125 0
0.037109375 0
0.041015625 0
0.044921875 0
0.048828125 0
0.052734375 0
0.056640625 0
0.060546875 0
0.064453125 0
0.068359375 0
0.072265625 0
0.076171875 0
0.080078125 0
0.083984375 0
0.087890625 0
0.091796875 0
0.095703125 0
0.099609375 0
0.103515625 25
0.107421875 77
0.111328125 71
0.115234375 80
0.119140625 106
0.123046875 91
0.126953125 140
0.130859375 152
0.134765625 233
0.138671875 285
0.142578125 332
0.146484375 483
0.150390625 458
0.154296875 463
0.158203125 484
0.162109375 646
0.166015625 653
0.169921875 729
0.173828125 700
0.177734375 610
0.181640625 605
0.185546875 638
0.189453125 750
0.193359375 730
0.197265625 798
0.201171875 803
0.205078125 949
0.208984375 1150
0.212890625 1147
0.216796875 1443
0.220703125 1916
0.224609375 2247
0.228515625 2876
0.232421875 3270
0.236328125 3686
0.240234375 3878
0.244140625 3591
0.248046875 3634
0.251953125 3375
0.255859375 3175
0.259765625 2744
0.263671875 2297
0.267578125 1866
0.271484375 1740
0.275390625 1773
0.279296875 1493
0.283203125 1341
0.287109375 1267
0.291015625 1252
0.294921875 1331
0.298828125 1229
0.302734375 1264
0.306640625 1544
0.310546875 1638
0.314453125 1559
0.318359375 1734
0.322265625 1454
0.326171875 1277
0.330078125 1095
0.333984375 997
0.337890625 810
0.341796875 653
0.345703125 617
0.349609375 472
0.353515625 434
0.357421875 419
0.361328125 368
0.365234375 352
0.369140625 303
0.373046875 283
0.376953125 296
0.380859375 272
0.384765625 304
0.388671875 277
0.392578125 310
0.396484375 315
0.400390625 302
0.404296875 344
0.408203125 330
0.412109375 392
0.416015625 436
0.419921875 526
0.423828125 515
0.427734375 575
0.431640625 614
0.435546875 685
0.439453125 856
0.443359375 940
0.447265625 1093
0.451171875 1217
0.455078125 1333
0.458984375 1692
0.462890625 2138
0.466796875 2460
0.470703125 2799
0.474609375 3165
0.478515625 3893
0.482421875 4307
0.486328125 5261
0.490234375 5897
0.494140625 6949
0.498046875 7394
0.501953125 8705
0.505859375 9574
0.509765625 10333
0.513671875 11155
0.517578125 12231
0.521484375 13337
0.525390625 14018
0.529296875 14922
0.533203125 15569
0.537109375 16083
0.541015625 17666
0.544921875 18156
0.548828125 18735
0.552734375 20539
0.556640625 21456
0.560546875 22386
0.564453125 22821
0.568359375 23359
0.572265625 23742
0.576171875 24202
0.580078125 23415
0.583984375 22214
0.587890625 20600
0.591796875 19772
0.595703125 18227
0.599609375 15716
0.603515625 13156
0.607421875 10981
0.611328125 8823
0.615234375 7176
0.619140625 5556
0.623046875 4538
0.626953125 3628
0.630859375 3123
0.634765625 2690
0.638671875 2258
0.642578125 1960
0.646484375 1720
0.650390625 1685
0.654296875 1489
0.658203125 1361
0.662109375 1202
0.666015625 1154
0.669921875 1037
0.673828125 884
0.677734375 839
0.681640625 739
0.685546875 696
0.689453125 607
0.693359375 571
0.697265625 508
0.701171875 363
0.705078125 290
0.708984375 281
0.712890625 231
0.716796875 203
0.720703125 184
0.724609375 176
0.728515625 161
0.732421875 121
0.736328125 101
0.740234375 84
0.744140625 79
0.748046875 69
0.751953125 84
0.755859375 51
0.759765625 43
0.763671875 48
0.767578125 62
0.771484375 41
0.775390625 45
0.779296875 33
0.783203125 29
0.787109375 25
0.791015625 20
0.794921875 32
0.798828125 22
0.802734375 19
0.806640625 14
0.810546875 14
0.814453125 23
0.818359375 8
0.822265625 11
0.826171875 18
0.830078125 18
0.833984375 22
0.837890625 16
0.841796875 21
0.845703125 20
0.849609375 18
0.853515625 10
0.857421875 14
0.861328125 21
0.865234375 23
0.869140625 8
0.873046875 15
0.876953125 20
0.880859375 22
0.884765625 14
0.888671875 7
0.892578125 16
0.896484375 20
0.900390625 19
0.904296875 20
0.908203125 26
0.912109375 31
0.916015625 14
0.919921875 20
0.923828125 26
0.927734375 17
0.931640625 27
0.935546875 29
0.939453125 69
0.943359375 29
0.947265625 18
0.951171875 28
0.955078125 62
0.958984375 52
0.962890625 19
0.966796875 19
0.970703125 31
0.974609375 25
0.978515625 0
0.982421875 0
0.986328125 0
0.990234375 0
0.994140625 0
0.998046875 0
