intensity ch0
0.001953125 0
0.005859375 0
0.009765625 0
0.013671875 0
0.017578125 0
0.021484375 0
0.025390625 0
0.029296875 0
0.033203125 0
0.037109375 0
0.041015625 0
0.044921875 0
0.048828125 0
0.052734375 0
0.056640625 0
0.060546875 0
0.064453125 0
0.068359375 0
0.072265625 0
0.076171875 0
0.080078125 0
0.083984375 0
0.087890625 0
0.091796875 0
0.095703125 0
0.099609375 0
0.103515625 0
0.107421875 12
0.111328125 40
0.115234375 35
0.119140625 41
0.123046875 47
0.126953125 62
0.130859375 68
0.134765625 110
0.138671875 121
0.142578125 263
0.146484375 266
0.150390625 298
0.154296875 341
0.158203125 415
0.162109375 573
0.166015625 544
0.169921875 477
0.173828125 353
0.177734375 407
0.181640625 395
0.185546875 399
0.189453125 330
0.193359375 369
0.197265625 449
0.201171875 274
0.205078125 277
0.208984375 291
0.212890625 316
0.216796875 568
0.220703125 581
0.224609375 938
0.228515625 1362
0.232421875 1991
0.236328125 2864
0.240234375 3907
0.244140625 3711
0.248046875 3161
0.251953125 2979
0.255859375 2635
0.259765625 2630
0.263671875 2091
0.267578125 2061
0.271484375 2164
0.275390625 2571
0.279296875 2186
0.283203125 1938
0.287109375 1744
0.291015625 1654
0.294921875 1643
0.298828125 1837
0.302734375 1804
0.306640625 1729
0.310546875 1913
0.314453125 2075
0.318359375 2014
0.322265625 1979
0.326171875 1776
0.330078125 1373
0.333984375 1272
0.337890625 1010
0.341796875 942
0.345703125 860
0.349609375 867
0.353515625 781
0.357421875 725
0.361328125 687
0.365234375 725
0.369140625 697
0.373046875 691
0.376953125 652
0.380859375 650
0.384765625 607
0.388671875 637
0.392578125 599
0.396484375 573
0.400390625 618
0.404296875 601
0.408203125 651
0.412109375 618
0.416015625 621
0.419921875 667
0.423828125 697
0.427734375 739
0.431640625 716
0.435546875 803
0.439453125 831
0.443359375 879
0.447265625 1012
0.451171875 1141
0.455078125 1237
0.458984375 1438
0.462890625 1726
0.466796875 2088
0.470703125 2341
0.474609375 2626
0.478515625 3026
0.482421875 3749
0.486328125 4691
0.490234375 5877
0.494140625 6392
0.498046875 7476
0.501953125 8596
0.505859375 9437
0.509765625 10465
0.513671875 11585
0.517578125 12768
0.521484375 13035
0.525390625 13304
0.529296875 13749
0.533203125 14912
0.537109375 16291
0.541015625 17597
0.544921875 18980
0.548828125 19859
0.552734375 21733
0.556640625 23195
0.560546875 24639
0.564453125 26302
0.568359375 28056
0.572265625 28653
0.576171875 29705
0.580078125 29460
0.583984375 28169
0.587890625 25784
0.591796875 23182
0.595703125 19063
0.599609375 14806
0.603515625 10777
0.607421875 7374
0.611328125 5289
0.615234375 3931
0.619140625 2809
0.623046875 2010
0.626953125 1631
0.630859375 1287
0.634765625 1189
0.638671875 953
0.642578125 749
0.646484375 590
0.650390625 504
0.654296875 452
0.658203125 410
0.662109375 319
0.666015625 322
0.669921875 262
0.673828125 261
0.677734375 207
0.681640625 173
0.685546875 131
0.689453125 157
0.693359375 130
0.697265625 118
0.701171875 86
0.705078125 65
0.708984375 71
0.712890625 53
0.716796875 48
0.720703125 25
0.724609375 29
0.728515625 23
0.732421875 14
0.736328125 25
0.740234375 6
0.744140625 17
0.748046875 14
0.751953125 17
0.755859375 18
0.759765625 20
0.763671875 17
0.767578125 25
0.771484375 26
0.775390625 23
0.779296875 17
0.783203125 18
0.787109375 19
0.791015625 22
0.794921875 24
0.798828125 19
0.802734375 23
0.806640625 24
0.810546875 20
0.814453125 9
0.818359375 9
0.822265625 9
0.826171875 12
0.830078125 13
0.833984375 10
0.837890625 13
0.841796875 14
0.845703125 17
0.849609375 18
0.853515625 18
0.857421875 14
0.861328125 11
0.865234375 12
0.869140625 16
0.873046875 2
0.876953125 8
0.880859375 4
0.884765625 6
0.888671875 7
0.892578125 5
0.896484375 8
0.900390625 8
0.904296875 5
0.908203125 8
0.912109375 11
0.916015625 4
0.919921875 11
0.923828125 7
0.927734375 10
0.931640625 2
0.935546875 0
0.939453125 0
0.943359375 0
0.947265625 0
0.951171875 0
0.955078125 0
0.958984375 0
0.962890625 0
0.966796875 0
0.970703125 0
0.974609375 0
0.978515625 0
0.982421875 0
0.986328125 0
0.990234375 0
0.994140625 0
0.998046875 0
