iter dqmax
0 0.692979
1 0.703279
2 0.725239
3 0.645316
4 0.555033
5 0.501021
6 0.459989
7 0.447734
8 0.415118
9 0.396362
10 0.374367
11 0.358336
12 0.313166
13 0.324345
14 0.299839
15 0.281708
16 0.259454
17 0.277138
18 0.261836
19 0.22848
20 0.195595
21 0.203299
22 0.201698
23 0.215883
24 0.21057
25 0.23259
26 0.212703
27 0.178942
28 0.196126
29 0.213669
30 0.160629
31 0.147169
32 0.144912
33 0.154779
34 0.136462
35 0.12894
36 0.136213
37 0.139348
38 0.139861
39 0.136623
40 0.140315
41 0.153515
42 0.166489
43 0.176352
44 0.154157
45 0.147429
46 0.130586
47 0.11457
48 0.105331
49 0.0916951
50 0.0914374
51 0.0934274
52 0.0945005
53 0.0877598
54 0.0910275
55 0.0958347
56 0.0906746
57 0.0866906
58 0.0744682
59 0.0882871
60 0.0891078
61 0.0802244
62 0.0767898
63 0.0727832
64 0.082141
65 0.0751074
66 0.0755494
67 0.0792839
68 0.0874019
69 0.0764394
70 0.079498
71 0.0789723
72 0.0723528
73 0.0721951
74 0.0745312
75 0.0762843
76 0.0772613
77 0.0784933
78 0.0837416
79 0.0820851
80 0.077182
81 0.0804498
82 0.0796562
83 0.0746213
84 0.0782353
85 0.0761734
86 0.0769207
87 0.0761743
88 0.0716518
89 0.0652049
90 0.0614252
91 0.0556416
92 0.0518881
93 0.0466426
94 0.0456007
95 0.0432185
96 0.0453881
97 0.0435601
98 0.0423017
99 0.0424993
100 0.0420857
101 0.0416687
102 0.0421782
103 0.0446959
104 0.0470989
105 0.0441902
106 0.041242
107 0.0406545
108 0.0431419
109 0.0393115
110 0.0397893
111 0.0402814
112 0.0389391
113 0.0358015
114 0.0360941
115 0.0385626
116 0.0387107
117 0.0371696
118 0.0345883
119 0.032837
120 0.0373746
121 0.0422989
122 0.0445919
123 0.0449455
124 0.0441115
125 0.0427523
126 0.042123
127 0.0452208
128 0.047731
129 0.049407
130 0.0502832
131 0.0505428
132 0.0503901
133 0.0499698
134 0.0493503
135 0.0485299
136 0.0475365
137 0.046435
138 0.0452376
139 0.0439134
140 0.0424148
141 0.0407005
142 0.0387429
143 0.0365137
144 0.0340065
145 0.0336348
146 0.035001
147 0.0360533
148 0.0368999
149 0.0375046
150 0.0377773
151 0.0373974
152 0.0378706
153 0.040583
154 0.0431709
155 0.045447
156 0.0447534
157 0.0259918
158 0.0254302
159 0.0245967
160 0.0248759
161 0.0245117
162 0.0245467
163 0.0244567
164 0.0262165
165 0.0261021
166 0.0265364
167 0.0307143
168 0.0322513
169 0.0317403
170 0.0305327
171 0.0309378
172 0.0307209
173 0.0292903
174 0.0301595
175 0.0266445
176 0.0256956
177 0.0246019
178 0.0244585
179 0.0242577
180 0.0242172
181 0.0239933
182 0.0235822
183 0.0248025
184 0.0269721
185 0.0294246
186 0.0311851
187 0.0322898
188 0.0331536
189 0.0340865
190 0.0346148
191 0.0347482
192 0.0345375
193 0.0340367
194 0.0332932
195 0.0323953
196 0.0315542
197 0.0310222
198 0.0304433
199 0.0297929
200 0.0290258
201 0.0281837
202 0.0276605
203 0.0270373
204 0.0262827
205 0.0253915
206 0.0243765
207 0.0239897
208 0.0239767
209 0.0239149
210 0.0238173
211 0.0237787
212 0.0241373
213 0.0246726
214 0.0250033
215 0.0250721
216 0.0206169
217 0.0184183
218 0.0180998
219 0.0177637
220 0.0175752
221 0.0174664
222 0.0174739
223 0.01776
224 0.0180078
225 0.0182163
226 0.0183856
227 0.0187339
228 0.0189327
229 0.0188255
230 0.0198632
231 0.0210845
232 0.0220761
233 0.0228213
234 0.0233291
235 0.0235268
236 0.0234598
237 0.0236801
238 0.0244366
239 0.0251762
240 0.0258965
241 0.0265951
242 0.0272701
243 0.0279204
244 0.0285456
245 0.0291463
246 0.0222748
247 0.0153968
248 0.0142803
249 0.0133858
250 0.0133049
251 0.0131617
252 0.0134077
253 0.0137738
254 0.0141006
255 0.0143872
256 0.0146329
257 0.014836
258 0.0149965
259 0.0151138
260 0.0151886
261 0.015221
262 0.0152111
263 0.0151589
264 0.0154616
265 0.0162066
266 0.0167279
267 0.0170384
268 0.0171588
269 0.0171138
270 0.0169288
271 0.014328
272 0.0138634
273 0.0145233
274 0.0148496
275 0.0144028
276 0.0144932
277 0.0143313
278 0.0140757
279 0.0139123
280 0.0139391
281 0.0140609
282 0.0141482
283 0.0143188
284 0.0144736
285 0.0146229
286 0.0147737
287 0.0149451
288 0.015124
289 0.0153003
290 0.0163461
291 0.0155329
292 0.015627
293 0.0157274
294 0.0158331
295 0.015935
296 0.0160216
297 0.0160835
298 0.0161139
299 0.0161089
300 0.0160676
301 0.0159897
302 0.0158759
303 0.0157269
304 0.0158248
305 0.015986
306 0.016083
307 0.0161044
308 0.0160191
309 0.0157931
310 0.015415
311 0.0149371
312 0.0143919
313 0.0143428
314 0.0144906
315 0.0146449
316 0.0148017
317 0.0149562
318 0.0149391
319 0.0117642
320 0.0115391
321 0.0119386
322 0.0120932
323 0.0117507
324 0.0110825
325 0.0111894
326 0.0109354
327 0.0124166
328 0.0138436
329 0.0141133
330 0.0133873
331 0.0123898
332 0.0118311
333 0.0116543
334 0.0110142
335 0.00994557
336 0.00964611
337 0.00973721
338 0.00978159
339 0.0097791
340 0.00972968
341 0.00963359
342 0.00949113
343 0.00930286
344 0.00906988
345 0.00885134
346 0.00867521
347 0.00848235
348 0.00827317
349 0.00804824
350 0.00788405
351 0.00786934
352 0.00784865
353 0.00782391
354 0.00779637
355 0.00776731
356 0.00773715
357 0.00770596
358 0.00767342
359 0.00763924
360 0.00760287
361 0.00756369
362 0.00762436
363 0.00783005
364 0.00800203
365 0.00813644
366 0.00822997
367 0.00828096
368 0.00828591
369 0.00824128
370 0.00813655
371 0.00719251
372 0.0069943
373 0.00716817
374 0.00764089
375 0.0080798
376 0.00848315
377 0.00884894
378 0.00917566
379 0.00946212
380 0.00970741
381 0.00991087
382 0.0100728
383 0.0101933
384 0.0102732
385 0.0103135
386 0.0105015
387 0.0113362
388 0.0113585
389 0.0113778
390 0.0126964
391 0.0129521
392 0.0124261
393 0.0115057
394 0.0105282
395 0.010358
396 0.0104484
397 0.0102352
398 0.00981185
399 0.00991551
400 0.00951575
401 0.00953848
402 0.00925161
403 0.00867195
404 0.00799854
405 0.00839953
406 0.00863113
407 0.00850882
408 0.00841649
409 0.00846635
410 0.00849824
411 0.00851598
412 0.00852399
413 0.0085278
414 0.00853261
415 0.00854277
416 0.00856652
417 0.00862664
418 0.0086843
419 0.00873706
420 0.00878098
421 0.00881257
422 0.0088277
423 0.00882344
424 0.00879786
425 0.00875129
426 0.00870231
427 0.00866219
428 0.00860843
429 0.00854028
430 0.00845594
431 0.00835424
432 0.00823383
433 0.00817074
434 0.00829593
435 0.00842568
436 0.00855695
437 0.00868569
438 0.00880802
439 0.00892063
440 0.00902109
441 0.0091081
442 0.00918152
443 0.00924139
444 0.00928771
445 0.00932017
446 0.00952104
447 0.00994685
448 0.0103541
449 0.0107429
450 0.011113
451 0.0117073
452 0.0121055
453 0.0122914
454 0.0125543
455 0.0128292
456 0.0130494
457 0.013247
458 0.0134568
459 0.0136626
460 0.0138223
461 0.0139351
462 0.0140062
463 0.0140449
464 0.0141334
465 0.0142049
466 0.0142486
467 0.0142639
468 0.0142529
469 0.0142196
470 0.0141686
471 0.0141042
472 0.0140299
473 0.0139475
474 0.0138571
475 0.0137577
476 0.0136472
477 0.0135233
478 0.0133836
479 0.0132262
480 0.0130489
481 0.0128518
482 0.012635
483 0.0123989
484 0.0121446
485 0.0129239
486 0.0132718
487 0.0127845
488 0.0118593
489 0.0108085
490 0.010369
491 0.0100614
492 0.00991842
493 0.010276
494 0.0103292
495 0.0100094
496 0.00964716
497 0.0095234
498 0.00937709
499 0.0092088
500 0.00901143
501 0.00877811
502 0.00850852
503 0.00789029
504 0.00700017
505 0.0059728
506 0.00522365
507 0.00534066
508 0.00464479
509 0.00471617
510 0.00477878
511 0.00483186
512 0.0048751
513 0.00490867
514 0.00493278
515 0.00494804
516 0.00505174
517 0.00542863
518 0.00527786
519 0.00537758
520 0.00546851
521 0.00556494
522 0.00570253
523 0.00583015
524 0.00594768
525 0.00605498
526 0.00615194
527 0.00623881
528 0.0063148
529 0.00638472
530 0.00645093
531 0.00650686
532 0.00715721
533 0.00780615
534 0.00813576
535 0.00861501
536 0.00910396
537 0.00937824
538 0.00944362
539 0.00932573
540 0.00908193
541 0.00875729
542 0.00835496
543 0.0079601
544 0.00781621
545 0.007849
546 0.00805758
547 0.00978422
548 0.010469
549 0.0104296
550 0.0099983
551 0.00942606
552 0.00886296
553 0.0085837
554 0.0083873
555 0.00808832
556 0.00820009
557 0.00830377
558 0.00839938
559 0.00848694
560 0.00856664
561 0.0086384
562 0.00870235
563 0.00875858
564 0.00880722
565 0.00884834
566 0.00888213
567 0.0089087
568 0.00890946
569 0.00891153
570 0.008885
571 0.00886481
572 0.00900286
573 0.0090427
574 0.00900882
575 0.00892706
576 0.00884671
577 0.00879975
578 0.00872703
579 0.00870197
580 0.00868697
581 0.00864838
582 0.00858532
583 0.00849894
584 0.00839233
585 0.00828261
586 0.00815884
587 0.00802208
588 0.0078826
589 0.00774233
590 0.00763993
591 0.00753074
592 0.0074024
593 0.00725365
594 0.00708474
595 0.00689722
596 0.00669394
597 0.00647823
598 0.00625372
599 0.00605786
600 0.00599733
601 0.00593442
602 0.00586935
603 0.00580228
604 0.00573356
605 0.00566338
606 0.00559166
607 0.00551877
608 0.00563598
609 0.00585502
610 0.00606476
611 0.00626475
612 0.00645775
613 0.00663998
614 0.00681073
615 0.00696966
616 0.00711686
617 0.00725208
618 0.00737498
619 0.00748553
620 0.00758372
621 0.0076693
622 0.00774261
623 0.0078184
624 0.00789143
625 0.0079473
626 0.00797913
627 0.00798739
628 0.00797626
629 0.00795125
630 0.00791663
631 0.00788597
632 0.0082185
633 0.00826748
634 0.00803541
635 0.00767879
636 0.00759856
637 0.00753364
638 0.00746113
639 0.00737951
640 0.00728884
641 0.00719142
642 0.00756227
643 0.00768206
644 0.00757655
645 0.00731101
646 0.00695515
647 0.00658671
648 0.00648066
649 0.00636207
650 0.00622799
651 0.00607797
652 0.00550638
653 0.00482179
654 0.00436094
655 0.00424941
656 0.00423513
657 0.00421801
658 0.00419808
659 0.00417532
660 0.00414953
661 0.00412084
662 0.00408913
663 0.00405453
664 0.00401678
665 0.00397601
666 0.00393163
667 0.00388408
668 0.00383305
669 0.00377825
670 0.00371931
671 0.0036558
672 0.00358727
673 0.00351286
674 0.00343187
675 0.00334545
676 0.00327996
677 0.00333954
678 0.00339526
679 0.00345078
680 0.0035065
681 0.00355802
682 0.00368056
683 0.00372826
684 0.00369249
685 0.00372969
686 0.00376404
687 0.00379473
688 0.00382105
689 0.00408486
690 0.00447857
691 0.00451694
692 0.00432745
693 0.00416548
694 0.00439052
695 0.00434483
696 0.00434055
697 0.00449114
698 0.00459046
699 0.00460257
700 0.0046867
701 0.00476887
702 0.00484923
703 0.00492768
704 0.00500431
705 0.00507913
706 0.0051521
707 0.00522336
708 0.0052926
709 0.00535951
710 0.00542384
711 0.00548502
712 0.0055428
713 0.00559648
714 0.00564576
715 0.0056895
716 0.00572691
717 0.00575675
718 0.00547028
719 0.00525896
720 0.00521329
721 0.0053125
722 0.00540002
723 0.00547591
724 0.0055401
725 0.00559255
726 0.00563339
727 0.00566285
728 0.00568087
729 0.00568778
730 0.00568329
731 0.00566753
732 0.00564003
733 0.00560041
734 0.005548
735 0.00548231
736 0.00540274
737 0.00530899
738 0.00519746
739 0.00482118
740 0.00369213
741 0.00373169
742 0.00379203
743 0.00384683
744 0.00389639
745 0.00394098
746 0.0039812
747 0.0040189
748 0.00407742
749 0.00416757
750 0.0042757
751 0.00439431
752 0.00453045
753 0.00463794
754 0.00472239
755 0.00473705
756 0.00468133
757 0.00456862
758 0.00441942
759 0.0042534
760 0.00408464
761 0.00392146
762 0.00376589
763 0.00361562
764 0.00346715
765 0.00327589
766 0.00329256
767 0.0033063
768 0.00331735
769 0.00332544
770 0.00333064
771 0.00333288
772 0.00333197
773 0.00332818
774 0.0033214
775 0.00331164
776 0.00329878
777 0.00328302
778 0.00326427
779 0.00324607
780 0.00322556
781 0.00320209
782 0.00317577
783 0.00314675
784 0.00311488
785 0.00308005
786 0.00304256
787 0.00300231
788 0.00302861
789 0.00308412
790 0.00313752
791 0.00318896
792 0.00323827
793 0.00328552
794 0.00333061
795 0.00337377
796 0.00341474
797 0.00345351
798 0.00349014
799 0.00352476
800 0.00355705
801 0.0035872
802 0.00361515
803 0.00364077
804 0.00366418
805 0.00368543
806 0.00370424
807 0.00376593
808 0.00384949
809 0.0038902
810 0.0038687
811 0.00384954
812 0.00397861
813 0.00398486
814 0.0039165
815 0.00415359
816 0.00409876
817 0.00390562
818 0.00408022
819 0.00417323
820 0.00402574
821 0.00392415
822 0.0039656
823 0.00409212
824 0.00394688
825 0.00385197
826 0.00385247
827 0.00382714
828 0.0039032
829 0.0040889
830 0.00410791
831 0.00399384
832 0.00392718
833 0.00383924
834 0.00374079
835 0.00372747
836 0.00390501
837 0.00382803
838 0.00380601
839 0.00365683
840 0.00360771
841 0.00366652
842 0.00379338
843 0.00368572
844 0.00352576
845 0.00350756
846 0.00348803
847 0.00346767
848 0.00344751
849 0.00353982
850 0.00349564
851 0.00336215
852 0.00332743
853 0.00329099
854 0.00325348
855 0.00321498
856 0.00318076
857 0.00342166
858 0.00341942
859 0.00322324
860 0.00309162
861 0.00307126
862 0.00311777
863 0.00301765
864 0.00298697
865 0.00295247
866 0.0029142
867 0.00287258
868 0.0028274
869 0.00277876
870 0.0027268
871 0.00268039
872 0.00264925
873 0.0026158
874 0.00257776
875 0.00253414
876 0.00248388
877 0.0024269
878 0.0023636
879 0.00229504
880 0.00223555
881 0.00220289
882 0.00217503
883 0.00214772
884 0.00212007
885 0.00209091
886 0.00206014
887 0.0020405
888 0.00203317
889 0.00202522
890 0.00201666
891 0.00200763
892 0.00199802
893 0.00198789
894 0.00197712
895 0.00196589
896 0.00195408
897 0.00194172
898 0.00192881
899 0.00191536
900 0.00190134
901 0.00188671
902 0.00187168
903 0.00185607
904 0.00183993
905 0.00182317
906 0.00180598
907 0.00178817
908 0.00176995
909 0.001815
910 0.00188583
911 0.00195479
912 0.00202184
913 0.00208694
914 0.00215171
915 0.00221667
916 0.00227984
917 0.00234118
918 0.00240077
919 0.00245838
920 0.00251406
921 0.00256806
922 0.00262001
923 0.0026701
924 0.00271812
925 0.0027642
926 0.00280814
927 0.00284963
928 0.00288872
929 0.00292554
930 0.00296
931 0.002996
932 0.00303452
933 0.0030704
934 0.00310353
935 0.00313372
936 0.00316127
937 0.00318588
938 0.00320784
939 0.00322727
940 0.00324398
941 0.00325829
942 0.00327346
943 0.00329036
944 0.00330568
945 0.00331957
946 0.0033335
947 0.00334581
948 0.00335596
949 0.00336408
950 0.00337019
951 0.00337428
952 0.00337636
953 0.00337653
954 0.00337461
955 0.0033708
956 0.00336498
957 0.00335704
958 0.00334718
959 0.00334269
960 0.00333658
961 0.00332857
962 0.00331856
963 0.00330661
964 0.00329289
965 0.00327719
966 0.00325976
967 0.00324063
968 0.00321972
969 0.00319707
970 0.00317281
971 0.003147
972 0.00311954
973 0.00309042
974 0.00305986
975 0.00302772
976 0.00299403
977 0.00295886
978 0.00292223
979 0.00288426
980 0.00288419
981 0.00293823
982 0.00292982
983 0.00287907
984 0.00280795
985 0.00273318
986 0.00266503
987 0.00263079
988 0.00259778
989 0.00256421
990 0.00254396
991 0.00252698
992 0.00250858
993 0.00248858
994 0.00246704
995 0.00244418
996 0.00241988
997 0.00239413
998 0.00236711
999 0.00233892
1000 0.00230944
1001 0.00228257
1002 0.00225479
1003 0.0022258
1004 0.00219579
1005 0.00216489
1006 0.00213305
1007 0.0021003
1008 0.00206675
1009 0.00203232
1010 0.00199704
1011 0.00202204
1012 0.00215465
1013 0.00216749
1014 0.00244656
1015 0.00282879
1016 0.0028003
1017 0.00255144
1018 0.00223882
1019 0.00206874
1020 0.00196876
1021 0.00190156
1022 0.00183396
1023 0.00183941
1024 0.00185762
1025 0.00187457
1026 0.00189018
1027 0.00190464
1028 0.001918
1029 0.00193005
1030 0.00194128
1031 0.00195131
1032 0.00196033
1033 0.00196834
1034 0.00197534
1035 0.00198124
1036 0.00198615
1037 0.00198992
1038 0.00199258
1039 0.0019939
1040 0.0019939
1041 0.00199256
1042 0.00198979
1043 0.00198579
1044 0.00200453
1045 0.00202225
1046 0.00203862
1047 0.00205376
1048 0.00206756
1049 0.00208017
1050 0.00209152
1051 0.00210157
1052 0.00211024
1053 0.00211753
1054 0.00212329
1055 0.00212733
1056 0.00212989
1057 0.00213081
1058 0.0021302
1059 0.00212806
1060 0.0021245
1061 0.00211967
1062 0.00211354
1063 0.00210634
1064 0.00209798
1065 0.00208854
1066 0.00207789
1067 0.00206621
1068 0.00205343
1069 0.00203949
1070 0.00202444
1071 0.00200826
1072 0.00199104
1073 0.00197266
1074 0.00195329
1075 0.00193301
1076 0.00191167
1077 0.00188942
1078 0.00186631
1079 0.00184238
1080 0.00181763
1081 0.00179218
1082 0.00176611
1083 0.00173935
1084 0.00171209
1085 0.0016843
1086 0.00165609
1087 0.00162741
1088 0.00159835
1089 0.00156892
1090 0.00153912
1091 0.00150897
1092 0.00147849
1093 0.00144768
1094 0.00141654
1095 0.00138524
1096 0.00135367
1097 0.00132192
1098 0.00129009
1099 0.00125824
1100 0.00122645
1101 0.00119474
1102 0.00118283
1103 0.00119429
1104 0.00120498
1105 0.00121486
1106 0.00122388
1107 0.00123212
1108 0.00123962
1109 0.00124603
1110 0.0012518
1111 0.00125678
1112 0.00126091
1113 0.00126411
1114 0.00126643
1115 0.00126782
1116 0.00127216
1117 0.00128764
1118 0.00132613
1119 0.00136471
1120 0.00140248
1121 0.00143934
1122 0.00148951
1123 0.0015297
1124 0.00154531
1125 0.00157882
1126 0.00161079
1127 0.00164196
1128 0.00167167
1129 0.00170004
1130 0.00172737
1131 0.00175335
1132 0.00177803
1133 0.00180123
1134 0.00182325
1135 0.00184371
1136 0.00186285
1137 0.00188042
1138 0.00189678
1139 0.00191163
1140 0.00192474
1141 0.00193656
1142 0.00194687
1143 0.00195585
1144 0.00196295
1145 0.00196845
1146 0.00197249
1147 0.00197509
1148 0.00197595
1149 0.00197519
1150 0.00197287
1151 0.00196895
1152 0.00196324
1153 0.00195599
1154 0.00194699
1155 0.00193652
1156 0.00192443
1157 0.00191073
1158 0.00189555
1159 0.00187855
1160 0.00185994
1161 0.00183971
1162 0.00181796
1163 0.00179463
1164 0.00176998
1165 0.00174355
1166 0.00171597
1167 0.00168661
1168 0.00165587
1169 0.00162375
1170 0.0015902
1171 0.00155547
1172 0.00151937
1173 0.0014819
1174 0.00144319
1175 0.00140324
1176 0.00136244
1177 0.00135083
1178 0.00135648
1179 0.00138969
1180 0.0014222
1181 0.00145375
1182 0.00148431
1183 0.001514
1184 0.00154272
1185 0.00157043
1186 0.00159722
1187 0.00162291
1188 0.00164771
1189 0.00167125
1190 0.00169367
1191 0.00171496
1192 0.00173502
1193 0.00175398
1194 0.00177168
1195 0.00178804
1196 0.00180319
1197 0.00181706
1198 0.00183505
1199 0.00185244
1200 0.00186892
1201 0.00188443
1202 0.00189903
1203 0.00191256
1204 0.00192518
1205 0.00193684
1206 0.00194752
1207 0.00195732
1208 0.00196605
1209 0.00197388
1210 0.00198075
1211 0.00198668
1212 0.00199163
1213 0.00199572
1214 0.00199881
1215 0.00200109
1216 0.00200242
1217 0.0020029
1218 0.00200248
1219 0.00200113
1220 0.00199894
1221 0.00199593
1222 0.00199192
1223 0.00198722
1224 0.0019816
1225 0.00197525
1226 0.00196798
1227 0.00195991
1228 0.00196206
1229 0.00197759
1230 0.00199228
1231 0.00200598
1232 0.00201871
1233 0.00203055
1234 0.00204134
1235 0.00205108
1236 0.0020597
1237 0.00206728
1238 0.00207367
1239 0.00207898
1240 0.00208323
1241 0.00208625
1242 0.00208806
1243 0.00208869
1244 0.00208804
1245 0.00208616
1246 0.00208309
1247 0.00207872
1248 0.0020731
1249 0.00206621
1250 0.00205811
1251 0.00204865
1252 0.00203799
1253 0.00202608
1254 0.00201293
1255 0.00199852
1256 0.00198271
1257 0.00196586
1258 0.00194777
1259 0.00192847
1260 0.00190803
1261 0.00188637
1262 0.00186369
1263 0.00183975
1264 0.00181493
1265 0.00178888
1266 0.00176182
1267 0.00176176
1268 0.00176996
1269 0.00177742
1270 0.00178424
1271 0.0017905
1272 0.00179596
1273 0.00180085
1274 0.00180515
1275 0.00180886
1276 0.00181198
1277 0.00181467
1278 0.00181661
1279 0.00181796
1280 0.00181893
1281 0.0018191
1282 0.00181883
1283 0.001818
1284 0.00181642
1285 0.0018143
1286 0.00181145
1287 0.00180787
1288 0.00180382
1289 0.00179898
1290 0.0017936
1291 0.00178728
1292 0.00178054
1293 0.00177289
1294 0.00176988
1295 0.00177554
1296 0.00178051
1297 0.00178496
1298 0.00178874
1299 0.00179183
1300 0.00179425
1301 0.00179601
1302 0.00179712
1303 0.00179747
1304 0.00179711
1305 0.0017961
1306 0.00179441
1307 0.00179193
1308 0.00178889
1309 0.0017852
1310 0.00178079
1311 0.00177588
1312 0.00177016
1313 0.00176377
1314 0.00175657
1315 0.00174846
1316 0.00173954
1317 0.00172976
1318 0.00171903
1319 0.00170744
1320 0.00169503
1321 0.00168162
1322 0.00166744
1323 0.00165246
1324 0.00163656
1325 0.00161987
1326 0.00160233
1327 0.00158404
1328 0.00156501
1329 0.00154532
1330 0.00152494
1331 0.00150399
1332 0.00148236
1333 0.00146004
1334 0.00143697
1335 0.00141331
1336 0.00138872
1337 0.00136341
1338 0.00133725
1339 0.00131023
1340 0.00128226
1341 0.00125339
1342 0.00122375
1343 0.0011933
1344 0.00116198
1345 0.00113011
1346 0.00110475
1347 0.00109445
1348 0.00108374
1349 0.00107262
1350 0.00106109
1351 0.00104981
1352 0.00103848
1353 0.00102672
1354 0.00101458
1355 0.00100225
1356 0.000989587
1357 0.000976585
1358 0.000963013
1359 0.000949653
1360 0.000943331
1361 0.00104096
1362 0.00119349
1363 0.00123029
1364 0.0011996
1365 0.00139356
1366 0.00142275
1367 0.0013557
1368 0.00127399
1369 0.00129953
1370 0.00146842
1371 0.00151257
1372 0.00158034
1373 0.00158291
1374 0.00152911
1375 0.00154961
1376 0.00149857
1377 0.00143906
1378 0.00143976
1379 0.00145638
1380 0.00147314
1381 0.00149265
1382 0.00151127
1383 0.00153025
1384 0.00155404
1385 0.00158877
1386 0.00169445
1387 0.00171719
1388 0.00189027
1389 0.00207963
1390 0.00208239
1391 0.00197041
1392 0.00186
1393 0.00185975
1394 0.00181617
1395 0.00199095
1396 0.00205685
1397 0.00203331
1398 0.00194872
1399 0.0020118
1400 0.00204368
1401 0.0019986
1402 0.00201232
1403 0.00197277
1404 0.00189159
1405 0.00184734
1406 0.00182131
1407 0.00182894
1408 0.00183454
1409 0.00187703
1410 0.00200103
1411 0.00205055
1412 0.00200855
1413 0.0019121
1414 0.00184666
1415 0.00186781
1416 0.00188783
1417 0.00190644
1418 0.00251025
1419 0.0027543
1420 0.00263797
1421 0.00235293
1422 0.00204024
1423 0.00199451
1424 0.00200633
1425 0.00201749
1426 0.00202793
1427 0.00203783
1428 0.00204691
1429 0.00205526
1430 0.00206278
1431 0.00206947
1432 0.00207523
1433 0.00208004
1434 0.00208379
1435 0.00208651
1436 0.0020882
1437 0.00208882
1438 0.00208836
1439 0.00208695
1440 0.00208442
1441 0.00208098
1442 0.00207653
1443 0.0020712
1444 0.00206498
1445 0.0020579
1446 0.00204999
1447 0.00204134
1448 0.00203196
1449 0.00202188
1450 0.00201122
1451 0.00199993
1452 0.00198956
1453 0.00198485
1454 0.00198245
1455 0.00197871
1456 0.00197125
1457 0.0019589
1458 0.00194169
1459 0.00192049
1460 0.00189697
1461 0.00187237
1462 0.00184804
1463 0.0018249
1464 0.00180337
1465 0.00178347
1466 0.00176498
1467 0.00174739
1468 0.00173023
1469 0.00171309
1470 0.00169573
1471 0.00167793
1472 0.00165987
1473 0.00164158
1474 0.00162324
1475 0.00160503
1476 0.0015872
1477 0.00156967
1478 0.00155256
1479 0.00153568
1480 0.00151895
1481 0.00150221
1482 0.00148536
1483 0.00146817
1484 0.00145073
1485 0.00143281
1486 0.00141443
1487 0.00139564
1488 0.00137646
1489 0.00135701
1490 0.00133734
1491 0.00131748
1492 0.00129737
1493 0.00127736
1494 0.00125717
1495 0.00123701
1496 0.00121686
1497 0.0011969
1498 0.00117704
1499 0.00115724
1500 0.00113766
1501 0.00111828
1502 0.00109909
1503 0.00108002
1504 0.00106111
1505 0.00104221
1506 0.00102345
1507 0.00100463
1508 0.000991715
1509 0.000988112
1510 0.00098434
1511 0.000980336
1512 0.000976058
1513 0.000971632
1514 0.000967059
1515 0.000962234
1516 0.000957197
1517 0.000952013
1518 0.000946534
1519 0.000940865
1520 0.000935007
1521 0.000928917
1522 0.000922531
1523 0.000915893
1524 0.000909023
1525 0.000901943
1526 0.000894567
1527 0.000886917
1528 0.000879036
1529 0.000870965
1530 0.000862598
1531 0.000854085
1532 0.000845255
1533 0.000842305
1534 0.000852968
1535 0.000863167
1536 0.000872903
1537 0.000882112
1538 0.000890816
1539 0.000899034
1540 0.000906663
1541 0.000913849
1542 0.000920529
1543 0.00092662
1544 0.000932267
1545 0.000937346
1546 0.000941919
1547 0.000945965
1548 0.000949295
1549 0.000952434
1550 0.000954795
1551 0.000956712
1552 0.000958019
1553 0.000958841
1554 0.000959178
1555 0.000958967
1556 0.000958209
1557 0.000956986
1558 0.0009553
1559 0.000953109
1560 0.00095058
1561 0.000947398
1562 0.000943921
1563 0.00093998
1564 0.000942277
1565 0.000930876
1566 0.00092565
1567 0.000920024
1568 0.00093939
1569 0.000960042
1570 0.000980083
1571 0.000999681
1572 0.00101871
1573 0.00103713
1574 0.00105504
1575 0.00107238
1576 0.00108912
1577 0.00110539
1578 0.00112106
1579 0.00113619
1580 0.00115082
1581 0.00116485
1582 0.00117826
1583 0.00119118
1584 0.00120352
1585 0.00121528
1586 0.00122639
1587 0.00123693
1588 0.00124685
1589 0.00125619
1590 0.00126489
1591 0.00127288
1592 0.00128034
1593 0.00128712
1594 0.00129321
1595 0.00129871
1596 0.00130352
1597 0.00130773
1598 0.00131127
1599 0.00131416
1600 0.0013165
1601 0.00131816
1602 0.00131934
1603 0.00131981
1604 0.00131972
1605 0.00131909
1606 0.00131783
1607 0.00131601
1608 0.00131361
1609 0.00131062
1610 0.00130714
1611 0.0013031
1612 0.00129846
1613 0.00129332
1614 0.00128771
1615 0.00128141
1616 0.0012746
1617 0.00126733
1618 0.00125947
1619 0.00125104
1620 0.00124215
1621 0.00123271
1622 0.00122285
1623 0.00121238
1624 0.00120154
1625 0.00119008
1626 0.00117824
1627 0.00116593
1628 0.00115316
1629 0.0011399
1630 0.00112625
1631 0.00111226
1632 0.00109776
1633 0.00108282
1634 0.00107137
1635 0.00105974
1636 0.00105807
1637 0.00105835
1638 0.00105839
1639 0.00105822
1640 0.00105779
1641 0.00105714
1642 0.00105629
1643 0.00105523
1644 0.00105392
1645 0.00105242
1646 0.00105082
1647 0.0010489
1648 0.00104688
1649 0.00104468
1650 0.00104227
1651 0.0010398
1652 0.00103709
1653 0.00103426
1654 0.00103131
1655 0.0010282
1656 0.0010249
1657 0.00102153
1658 0.00101803
1659 0.00101438
1660 0.0010106
1661 0.00100682
1662 0.0010028
1663 0.000998837
1664 0.000994727
1665 0.000990477
1666 0.000986091
1667 0.000981673
1668 0.000977108
1669 0.000972474
1670 0.000967688
1671 0.00096286
1672 0.000957905
1673 0.000952889
1674 0.000947754
1675 0.000942475
1676 0.000937087
1677 0.000931603
1678 0.000926046
1679 0.000920369
1680 0.000914604
1681 0.000908723
1682 0.000902789
1683 0.000907042
1684 0.000911573
1685 0.000915682
1686 0.000919476
1687 0.000922847
1688 0.000925861
1689 0.000928453
1690 0.00093056
1691 0.000932309
1692 0.000933679
1693 0.000978987
1694 0.00104269
1695 0.00102826
1696 0.000984171
1697 0.000939538
1698 0.000933321
1699 0.000931909
1700 0.000930076
1701 0.0009278
1702 0.000933279
1703 0.000932625
1704 0.000924681
1705 0.000919813
1706 0.000922763
1707 0.000922658
1708 0.000919307
1709 0.000930834
1710 0.000978249
1711 0.000967987
1712 0.000954078
1713 0.000931256
1714 0.000906136
1715 0.000896906
1716 0.00089208
1717 0.000886706
1718 0.000880722
1719 0.000874336
1720 0.00086871
1721 0.000863273
1722 0.000857625
1723 0.000851598
1724 0.000845192
1725 0.000838385
1726 0.00083122
1727 0.000823718
1728 0.000815879
1729 0.000807513
1730 0.000798936
1731 0.000790022
1732 0.00078547
1733 0.00078547
1734 0.000785512
1735 0.000785512
1736 0.000785449
1737 0.000785554
1738 0.00078547
1739 0.000785449
1740 0.00078547
1741 0.000785449
1742 0.000785449
1743 0.000785449
1744 0.000785449
1745 0.000785428
1746 0.000785449
1747 0.000785428
1748 0.000785428
1749 0.000785428
1750 0.000785428
1751 0.000785301
1752 0.000785449
1753 0.000785449
1754 0.000785449
1755 0.000785301
1756 0.000785364
1757 0.000785428
1758 0.000785428
1759 0.000785364
1760 0.000785364
1761 0.000785343
1762 0.000785364
1763 0.000785364
1764 0.000785301
1765 0.000785301
1766 0.000785301
1767 0.000785428
1768 0.00078528
1769 0.000785301
1770 0.00078528
1771 0.000785301
1772 0.000785301
1773 0.00078528
1774 0.000785301
1775 0.000785301
1776 0.000785301
1777 0.000785343
1778 0.000785217
1779 0.00078528
1780 0.00078528
1781 0.000785259
1782 0.00078528
1783 0.000785217
1784 0.000785217
1785 0.000785301
1786 0.000785259
1787 0.000785259
1788 0.000785259
1789 0.000785259
1790 0.000785259
1791 0.000785259
1792 0.000785175
1793 0.000785175
1794 0.000785175
1795 0.000785175
1796 0.000785175
1797 0.000785175
1798 0.000785133
1799 0.000785133
1800 0.000785259
1801 0.000785259
1802 0.000785133
1803 0.000785133
1804 0.000785133
1805 0.000785175
1806 0.00078509
1807 0.000785175
1808 0.000818155
1809 0.000842431
1810 0.000826774
1811 0.000785027
1812 0.000785048
1813 0.000785133
1814 0.00078509
1815 0.00078509
1816 0.000785133
1817 0.000785133
1818 0.00078509
1819 0.00078509
1820 0.000785027
1821 0.000860049
1822 0.00107767
1823 0.00109717
1824 0.00100259
1825 0.000867804
1826 0.000785006
1827 0.000785027
1828 0.000785048
1829 0.000785027
1830 0.000785006
1831 0.000785006
1832 0.000784964
1833 0.000785006
1834 0.000785006
1835 0.000785006
1836 0.000785006
1837 0.000784943
1838 0.000784922
1839 0.000784922
1840 0.000784922
1841 0.000784922
1842 0.000784964
1843 0.000784922
1844 0.000785006
1845 0.000784922
1846 0.000784922
1847 0.00078488
1848 0.000784922
1849 0.000784922
1850 0.000784922
1851 0.00078488
1852 0.00078488
1853 0.000784943
1854 0.00078488
1855 0.00078488
1856 0.000784922
1857 0.000784838
1858 0.000784838
1859 0.000784838
1860 0.000784838
1861 0.000786966
1862 0.000789263
1863 0.000791434
1864 0.000793457
1865 0.000795353
1866 0.000797018
1867 0.000798556
1868 0.000799926
1869 0.000801212
1870 0.000802307
1871 0.000803235
1872 0.00080393
1873 0.000804604
1874 0.000805047
1875 0.000805342
1876 0.000805489
1877 0.000805426
1878 0.000805194
1879 0.000804878
1880 0.000804352
1881 0.000803677
1882 0.000802813
1883 0.000801759
1884 0.000800579
1885 0.000799167
1886 0.000797608
1887 0.000795901
1888 0.00079392
1889 0.000791813
1890 0.000789516
1891 0.000787114
1892 0.000784416
1893 0.000781592
1894 0.000778558
1895 0.000775418
1896 0.000772025
1897 0.000768421
1898 0.000772467
1899 0.000794573
1900 0.000811032
1901 0.000819967
1902 0.000820999
1903 0.000815289
1904 0.000804689
1905 0.000791096
1906 0.000775945
1907 0.000760413
1908 0.00074484
1909 0.000729309
1910 0.000713736
1911 0.000702504
1912 0.000697256
1913 0.000692072
1914 0.000686952
1915 0.000681536
1916 0.000676056
1917 0.000674012
1918 0.00067416
1919 0.000674139
1920 0.000674202
1921 0.000674223
1922 0.000674265
1923 0.000674223
1924 0.000674265
1925 0.000674265
1926 0.000674265
1927 0.000674265
1928 0.000674328
1929 0.000674328
1930 0.000674328
1931 0.000674497
1932 0.000674518
1933 0.00067456
1934 0.00067456
1935 0.000674518
1936 0.000674602
1937 0.000674518
1938 0.000674518
1939 0.000674602
1940 0.000674687
1941 0.000674645
1942 0.000674645
1943 0.000674729
1944 0.000674792
1945 0.000674813
1946 0.000674771
1947 0.000674813
1948 0.000674876
1949 0.000674855
1950 0.000674855
1951 0.000674897
1952 0.00067494
1953 0.000675045
1954 0.000674982
1955 0.000675045
1956 0.000675003
1957 0.000675087
1958 0.000675108
1959 0.000675108
1960 0.000675108
1961 0.00067515
1962 0.000675277
1963 0.000675193
1964 0.000675277
1965 0.000675235
1966 0.000675235
1967 0.000675277
1968 0.00067534
1969 0.00067534
1970 0.000675319
1971 0.000675403
1972 0.000675361
1973 0.000675445
1974 0.000675445
1975 0.000675466
1976 0.000675488
1977 0.000675466
1978 0.000675614
1979 0.000675614
1980 0.000675614
1981 0.00067553
1982 0.000675656
1983 0.000675614
1984 0.00067574
1985 0.000675761
1986 0.000675719
1987 0.00067574
1988 0.000675761
1989 0.000675719
1990 0.000675867
1991 0.000675867
1992 0.000675888
1993 0.000675846
1994 0.000675951
1995 0.000675909
1996 0.000675951
1997 0.000675993
1998 0.000675951
1999 0.000675993
