brightness ch0
0.019145056985507836 0.06275135011533187
0.01919433289549488 0.06523729795903649
0.019243608805481927 0.06975720312940854
0.019292884715468972 0.07179116045607596
0.019342160625456017 0.07035985715212481
0.019391436535443063 0.07465376706397825
0.01944071244543011 0.07729037841336195
0.019489988355417154 0.07623573387360846
0.0195392642654042 0.08407023616892001
0.019588540175391245 0.08037898027978282
0.01963781608537829 0.08271426461780838
0.019687091995365336 0.08512488070867348
0.01973636790535238 0.08919279536200832
0.019785643815339427 0.0904734351602804
0.019834919725326472 0.09853393271411054
0.019884195635313517 0.09702729765731986
0.019933471545300563 0.09710262941015939
0.01998274745528761 0.0989105914783082
0.020032023365274654 0.1084023923360895
0.0200812992752617 0.10410848242423607
0.020130575185248745 0.1074984113020151
0.02017985109523579 0.11450426431609177
0.020229127005222836 0.12535203672498466
0.02027840291520988 0.12068146804893355
0.020327678825196926 0.12331807939831725
0.020376954735183972 0.13635047263955663
0.020426230645171017 0.13642580439239618
0.020475506555158063 0.1384597617190636
0.02052478246514511 0.1417743588440031
0.020574058375132154 0.14493829246326353
0.0206233342851192 0.15435476156820527
0.020672610195106245 0.15495741559092155
0.02072188610509329 0.15684070941190992
0.020771162015080336 0.16603118325833305
0.02082043792506738 0.16851713110203767
0.020869713835054426 0.17040042492302604
0.020918989745041472 0.16783914532648186
0.020968265655028517 0.18087153856772126
0.021017541565015563 0.18493945322105612
0.021066817475002608 0.19864983223785132
0.021116093384989654 0.19367793655044208
0.0211653692949767 0.19736919243957923
0.021214645204963745 0.20927160938822562
0.02126392111495079 0.20301907390254428
0.021313197024937836 0.21070291269217675
0.02136247293492488 0.22305732015786037
0.021411748844911926 0.2324737892628021
0.021461024754898972 0.24271890764897872
0.021510300664886017 0.24362288868305315
0.021559576574873063 0.24317089816601592
0.021608852484860108 0.2521353767539205
0.021658128394847154 0.2568812771828111
0.0217074043048342 0.26712639556898776
0.021756680214821245 0.27270094527911326
0.02180595612480829 0.2822680778897341
0.021855232034795335 0.29138321998331773
0.02190450794478238 0.2965057791764061
0.021953783854769426 0.30622357529270594
0.022003059764756472 0.305244262505792
0.022052335674743517 0.3212145941077732
0.022101611584730563 0.3268644755707383
0.022150887494717608 0.33274035229222193
0.022200163404704654 0.32867243763888704
0.0222494393146917 0.3465260630618566
0.022298715224678745 0.3651330060132216
0.02234799113466579 0.3766587641976703
0.022397267044652835 0.3792200437942145
0.02244654295463988 0.3809526741095237
0.022495818864626926 0.3952657071490352
0.022545094774613972 0.41251667854928853
0.022594370684601017 0.42728170210583716
0.022643646594588063 0.4248710860149721
0.022692922504575108 0.4411427446283115
0.022742198414562154 0.45349715209399505
0.0227914743245492 0.46524890553696235
0.022840750234536245 0.472254758551039
0.02289002614452329 0.48905373943425506
0.022939302054510335 0.49658691471820854
0.02298857796449738 0.49937418957327123
0.023037853874484426 0.5258156348199478
0.023087129784471472 0.5334241418567407
0.023136405694458517 0.5522570800666242
0.023185681604445563 0.5554963454387241
0.023234957514432608 0.5638581700039124
0.023284233424419654 0.5707133595123101
0.0233335093344067 0.5887176484409586
0.023382785244393745 0.6145564396649188
0.02343206115438079 0.6247262262982559
0.023481337064367835 0.6290954679629489
0.02353061297435488 0.6627687614822206
0.023579888884341926 0.6729385481155578
0.023629164794328972 0.6754244959592623
0.023678440704316017 0.6888335479646994
0.023727716614303063 0.7275540689242199
0.023776992524290108 0.725444779844713
0.023826268434277154 0.7494756090005243
0.0238755443442642 0.7623573387360846
0.023924820254251244 0.7652952770968265
0.02397409616423829 0.7921133811077007
0.024023372074225335 0.8094396842607935
0.02407264798421238 0.8214927647151189
0.024121923894199426 0.8380657503398163
0.024171199804186472 0.8580286648422929
0.024220475714173517 0.8782175746032881
0.024269751624160563 0.909103593267497
0.024319027534147608 0.9224373135200945
0.024368303444134654 0.9324564366477525
0.0244175793541217 0.9575419103433174
0.024466855264108744 0.9695196590448033
0.02451613117409579 0.9958857725386403
0.024565407084082835 1.0155473600297587
0.02461468299406988 1.0443994213673002
0.024663958904056926 1.0541925492364397
0.02471323481404397 1.0837979281023764
0.024762510724031017 1.0987889469174437
0.024811786634018063 1.1088080700451017
0.024861062544005108 1.1451179749137572
0.024910338453992154 1.1714087566547546
0.0249596143639792 1.2128412207164982
0.025008890273966244 1.198151528912789
0.02505816618395329 1.2315234954207028
0.025107442093940335 1.269490698851828
0.02515671800392738 1.2987194189535671
0.025205993913914426 1.3183810064446855
0.02525526982390147 1.3437678071516086
0.025304545733888517 1.3710379016795198
0.025353821643875563 1.3736745130289034
0.025403097553862608 1.4260300812523798
0.025452373463849653 1.438459820470903
0.0255016493738367 1.4734890855412863
0.025550925283823744 1.5022658151259882
0.02560020119381079 1.5272006253158739
0.025649477103797835 1.5436982791877318
0.02569875301378488 1.5876166910931802
0.025748028923771926 1.6152634443852891
0.02579730483375897 1.6520253397709819
0.025846580743746017 1.6718375907677794
0.025895856653733063 1.7141740358635973
0.025945132563720108 1.7192965950566856
0.025994408473707153 1.7911630872656015
0.0260436843836942 1.801408205651778
0.026092960293681244 1.8109753382623988
0.02614223620366829 1.8602423046194538
0.026191512113655335 1.9132005268656465
0.02624078802364238 1.9005447923886047
0.026290063933629426 1.9685693652027039
0.02633933984361647 2.0182883220767964
0.026388615753603517 2.0173090092898827
0.026437891663590563 2.057611497059033
0.026487167573577608 2.107255122180286
0.026536443483564653 2.1270673731770837
0.0265857193935517 2.1697804770370994
0.026634995303538744 2.2037550975677296
0.02668427121352579 2.2291418982746523
0.026733547123512835 2.2921945754013424
0.02678282303349988 2.3251145513922187
0.026832098943486926 2.3399549067016068
0.02688137485347397 2.366773010712481
0.026930650763461017 2.429298365569294
0.026979926673448063 2.4462480099581896
0.027029202583435108 2.52052511825797
0.027078478493422153 2.545233933189337
0.0271277544034092 2.59819215543553
0.027177030313396244 2.60452002267405
0.02722630622338329 2.645726491477276
0.027275582133370335 2.67729049591704
0.02732485804335738 2.7328099977597766
0.027374133953344426 2.7704758741795437
0.02742340986333147 2.8021152103721483
0.027472685773318517 2.885733456024031
0.027521961683305562 2.9133048775633004
0.027571237593292608 2.9270905883329355
0.027620513503279653 3.0196733125727224
0.0276697894132667 3.0454367720438436
0.027719065323253744 3.08475994702608
0.02776834123324079 3.135458216687087
0.027817617143227835 3.158735728314502
0.02786689305321488 3.2399433578755206
0.027916168963201926 3.2544070544207107
0.02796544487318897 3.30623530037431
0.028014720783176017 3.367103356668654
0.028063996693163062 3.3947501099607624
0.028113272603150108 3.43392262143732
0.028162548513137153 3.5143016017171034
0.0282118244231242 3.548954208023289
0.028261100333111244 3.6088429515307183
0.02831037624309829 3.653213353953204
0.028359652153085335 3.705794917435199
0.02840892806307238 3.7398448697186684
0.028458203973059426 3.7760794428344844
0.02850747988304647 3.854499797540439
0.028556755793033517 3.906328043494039
0.028606031703020562 3.93194083945948
0.028655307613007608 3.994089535552096
0.028704583522994653 4.060984132073601
0.0287538594329817 4.1017386103597895
0.028803135342968744 4.149800268671412
0.02885241125295579 4.214434912607733
0.028901687162942835 4.275528964160595
0.02895096307292988 4.332781096318641
0.029000238982916926 4.378658133797917
0.02904951489290397 4.442614791958682
0.029098790802891017 4.495648345957713
0.029148066712878062 4.520131165630562
0.029197342622865108 4.59312763413207
0.029246618532852153 4.63041685178764
0.0292958944428392 4.667932064701728
0.029345170352826244 4.727067490680763
0.02939444626281329 4.780251708185474
0.029443722172800335 4.863794622084516
0.02949299808278738 4.891667370635144
0.029542273992774426 4.97799755938925
0.02959154990276147 5.042481539819891
0.029640825812748517 5.0917485061769465
0.029690101722735562 5.1077941695317675
0.029739377632722608 5.183954571652537
0.029788653542709653 5.245425281969596
0.0298379294526967 5.304937366712827
0.029887205362683744 5.357518930194823
0.02993648127267079 5.393226181040762
0.029985757182657835 5.514058312595374
0.03003503309264488 5.557148075219588
0.030084309002631926 5.5985052075284925
0.03013358491261897 5.706229614089025
0.030182860822606017 5.717303381756437
0.030232136732593062 5.740580893383854
0.030281412642580108 5.82193918645055
0.030330688552567153 5.9107553230483605
0.0303799644625542 5.945859919871583
0.030429240372541244 6.004091364816543
0.03047851628252829 6.0699313167982965
0.030527792192515335 6.108501174252138
0.03057706810250238 6.231593258391936
0.030626344012489426 6.258110035391453
0.03067561992247647 6.3122735656830775
0.030724895832463517 6.355137333048772
0.030774171742450562 6.402069015067801
0.030823447652437608 6.50745813729031
0.030872723562424653 6.535406217593778
0.0309219994724117 6.63363882329653
0.030971275382398744 6.676879249426422
0.03102055129238579 6.752813656288673
0.031069827202372835 6.815113015886967
0.03111910311235988 6.8725158115506915
0.031168379022346926 6.862647351928714
0.03121765493233397 7.001559104164814
0.03126693084232102 7.01504348792309
0.03131620675230806 7.068905691203358
0.03136548266229511 7.208269433956495
0.03141475857228215 7.195312372468096
0.0314640344822692 7.2334302394049
0.031513310392256244 7.359384930152601
0.03156258630224329 7.387634337467426
0.031611862212230335 7.412493815904472
0.03166113812221738 7.50500120839142
0.031710414032204426 7.599467226452196
0.03175968994219147 7.646775567235423
0.03180896585217852 7.710882888901867
0.03185824176216556 7.73604369435027
0.03190751767215261 7.851677934958955
0.03195679358213965 7.8696822238876045
0.0320060694921267 7.9053141429807035
0.032055345402113744 7.9896103744081435
0.03210462131210079 8.057182956705205
0.032153897222087835 8.108257885130408
0.03220317313207488 8.196471367705502
0.032252449042061926 8.199936628336122
0.03230172495204897 8.282424897695412
0.03235100086203602 8.39097795353718
0.03240027677202306 8.407626270914717
0.03244955268201011 8.496442407512527
0.03249882859199715 8.525671127614267
0.0325481045019842 8.598140273845898
0.032597380411971244 8.647030581438756
0.03264665632195829 8.746995817456817
0.032695932231945335 8.773060603939298
0.03274520814193238 8.860822095997355
0.032794484051919426 8.887941527019585
0.03284375996190647 8.942632379581088
0.03289303587189352 9.009451644349754
0.03294231178188056 9.120415316282388
0.03299158769186761 9.080188160266077
0.03304086360185465 9.150397353912522
0.0330901395118417 9.25427984107824
0.033139415421828744 9.292473039767884
0.03318869133181579 9.382795811422485
0.033237967241802835 9.408935929657803
0.03328724315178988 9.457901569003502
0.033336519061776926 9.530747373999331
0.03338579497176397 9.580165003862064
0.03343507088175102 9.597641970520836
0.03348434679173806 9.673275050371728
0.03353362270172511 9.723521329515698
0.03358289861171215 9.81361810591178
0.0336321745216992 9.82815713420981
0.033681450431686244 9.871246896834023
0.03373072634167329 9.933998246949356
0.033780002251660335 10.05626168180792
0.03382927816164738 10.116828411090905
0.033878554071634426 10.150803031621535
0.03392782998162147 10.190578197120809
0.03397710589160852 10.255966158585526
0.03402638180159556 10.254760850540093
0.03407565771158261 10.314122271777643
0.03412493362156965 10.446329498011027
0.0341742095315567 10.44452153594288
0.034223485441543744 10.512847435768334
0.03427276135153079 10.525578501998217
0.034322037261517835 10.583885278696016
0.03437131317150488 10.594205728835032
0.034420589081491926 10.719407102054337
0.03446986499147897 10.726488286821255
0.03451914090146602 10.815605750430423
0.03456841681145306 10.888300891920574
0.03461769272144011 10.936061223220838
0.03466696863142715 11.01026299976778
0.0347162445414142 11.063296553766811
0.034765520451401244 11.08619740663003
0.03481479636138829 11.117761411069793
0.034864072271375335 11.179759443656732
0.03491334818136238 11.25576918227182
0.034962624091349426 11.266164964163677
0.03501190000133647 11.350611859096794
0.03506117591132352 11.370273446587913
0.03511045182131056 11.418335104899535
0.03515972773129761 11.46466413289585
0.03520900364128465 11.520710957008463
0.0352582795512717 11.561013444777611
0.035307555461258744 11.645234344452213
0.03535683137124579 11.60478119317738
0.035406107281232835 11.70384244816137
0.03545538319121988 11.772469674998185
0.035504659101206926 11.833187067786849
0.03555393501119397 11.865805716766367
0.03560321092118102 11.913340052808115
0.03565248683116806 11.909799460424656
0.03570176274115511 12.013380620579014
0.03575103865114215 12.032138227036059
0.0358003145611292 12.073420027592123
0.035849590471116244 12.13730135400005
0.03589886638110329 12.19199220656155
0.035948142291090335 12.223254883989958
0.03599741820107738 12.261071423915402
0.036046694111064426 12.328870001470984
0.03609597002105147 12.349360238243337
0.03614524593103852 12.39915452687027
0.03619452184102556 12.47795154034042
0.03624379775101261 12.529327795776982
0.03629307366099965 12.582436681528854
0.0363423495709867 12.617842605363435
0.036391625480973744 12.640366799462456
0.03644090139096079 12.706206751444208
0.036490177300947835 12.766698148974356
0.03653945321093488 12.758863646679044
0.036588729120921926 12.780182532732633
0.03663800503090897 12.81920438070351
0.03668728094089602 12.887831607540328
0.03673655685088306 12.921580232812437
0.03678583276087011 12.979133691981842
0.03683510867085715 13.017100895412966
0.0368843845808442 13.1475001595782
0.036933660490831244 13.091905325982625
0.03698293640081829 13.154204685580918
0.037032212310805335 13.204978286994765
0.03708148822079238 13.211758144750323
0.037130764130779426 13.341479423140001
0.03718004004076647 13.37839198203137
0.037229315950753517 13.424721010027685
0.03727859186074056 13.446416554845472
0.03732786777072761 13.504798663296109
0.03737714368071465 13.494402881404255
0.0374264195907017 13.598737359087009
0.037475695500688744 13.600545321155158
0.03752497141067579 13.665255296844318
0.037574247320662835 13.675274419971975
0.03762352323064988 13.741189703706569
0.037672799140636926 13.819308731401165
0.03772207505062397 13.818178755108573
0.037771350960611016 13.940592853472815
0.03782062687059806 13.92025328020614
0.03786990278058511 13.99121579138098
0.03791917869057215 14.057959724396808
0.0379684546005592 14.118601785432634
0.038017730510546244 14.10790467652942
0.03806700642053329 14.203651334388468
0.038116282330520335 14.282599011364297
0.03816555824050738 14.257061547151697
0.038214834150494426 14.333673939789502
0.03826411006048147 14.384522872956188
0.038313385970468516 14.408101711594963
0.03836266188045556 14.453526758557201
0.03841193779044261 14.53624102317501
0.03846121370042965 14.598992373290342
0.0385104896104167 14.569236330918725
0.038559765520403744 14.686527870089881
0.03860904143039079 14.677940050266175
0.038658317340377835 14.810373271758074
0.03870759325036488 14.824384977786227
0.038756869160351926 14.855798318720314
0.03880614507033897 14.930452085784292
0.038855420980326016 14.985368933604311
0.03890469689031306 15.08111559146336
0.03895397280030011 15.089326752522869
0.03900324871028715 15.13121120710165
0.0390525246202742 15.195167865262416
0.039101800530261244 15.302214286047393
0.03915107644024829 15.355247840046424
0.039200352350235335 15.392235730690636
0.03924962826022238 15.494536251046723
0.039298904170209426 15.48052454501857
0.03934818008019647 15.550658406912175
0.039397455990183516 15.635707955868009
0.03944673190017056 15.691980775239141
0.03949600781015761 15.791117361975969
0.03954528372014465 15.809498309668815
0.0395945596301317 15.92339991996219
0.039643835540118744 15.959709824830846
0.03969311145010579 15.920009991084411
0.039742387360092835 16.101182856663492
0.03979166327007988 16.12265240622276
0.039840939180066925 16.20777728693143
0.03989021509005397 16.31828896834703
0.039939491000041016 16.349024323505557
0.03998876691002806 16.451400175614484
0.04003804282001511 16.49908517516191
0.04008731873000215 16.575998894811075
0.0401365946399892 16.6233072355943
0.040185870549976244 16.77585403509436
0.04023514645996329 16.789564414111155
0.040284422369950335 16.828209603317834
0.04033369827993738 16.83039422415018
0.040382974189924425 16.99401479131765
0.04043225009991147 17.099177918281637
0.040481526009898516 17.13247455303671
0.04053080191988556 17.23786367525922
0.04058007782987261 17.322536565450857
0.04062935373985965 17.407209455642494
0.0406786296498467 17.572863980136628
0.040727905559833744 17.594032202684538
0.04077718146982079 17.676445140290987
0.040826457379807835 17.798407248138194
0.04087573328979488 17.891215967636498
0.040925009199781925 17.99306449747555
0.04097428510976897 18.102521534351393
0.041023561019756016 18.224860300962796
0.04107283692974306 18.232770135010945
0.04112211283973011 18.383508972442854
0.04117138874971715 18.44106243161226
0.0412206646597042 18.519407454565375
0.041269940569691244 18.688150580925928
0.04131921647967829 18.79821027182449
0.041368492389665334 18.868720792482293
0.04141776829965238 18.962358161261832
0.041467044209639425 19.10013993720534
0.04151632011962647 19.246886191736753
0.041565596029613516 19.269259722330094
0.04161487193960056 19.47408675830079
0.04166414784958761 19.568251449350207
0.04171342375957465 19.732851329304587
0.0417626996695617 19.86611320007772
0.041811975579548744 19.90731966888095
0.04186125148953579 20.069885591508665
0.041910527399522834 20.130904311308687
0.04195980330950988 20.22122708296329
0.042009079219496925 20.471931156413255
0.04205835512948397 20.577018951624403
0.042107631039471016 20.675778879597036
0.04215690694945806 20.830811626940797
0.04220618285944511 20.98350908994653
0.04225545876943215 21.073229207578418
0.0423047346794192 21.290711978026156
0.042354010589406244 21.378247474825688
0.04240328649939329 21.518213871601546
0.042452562409380334 21.714227092490013
0.04250183831936738 21.822629484826102
0.042551114229354425 22.00109040730296
0.04260039013934147 22.166669600044255
0.042649666049328516 22.30113677886282
0.04269894195931556 22.416921682977186
0.04274821786930261 22.643368932012827
0.04279749377928965 22.772788883391144
0.0428467696892767 23.016939094344075
0.042896045599263743 23.163610017122647
0.04294532150925079 23.34169428083531
0.042994597419237834 23.46697098580745
0.04304387332922488 23.673982642610493
0.043093149239211925 23.762572783949786
0.04314242514919897 24.091697212105707
0.043191701059186016 24.169288917530427
0.04324097696917306 24.34556521917494
0.04329025287916011 24.639961709271834
0.04333952878914715 24.788515925871398
0.0433888046991342 24.98716575810925
0.04343808060912124 25.16457203604635
0.04348735651910829 25.355688693000246
0.043536632429095334 25.603228832830958
0.04358590833908238 25.772951271978428
0.043635184249069425 25.909904398640702
0.04368446015905647 26.1877279031129
0.043733736069043516 26.47150261605943
0.04378301197903056 26.61862552935504
0.04383228788901761 26.801983015766467
0.04388156379900465 27.065418155446313
0.0439308397089917 27.291488745717754
0.04398011561897874 27.47650353069165
0.04402939152896579 27.762312200964843
0.044078667438952834 27.931733313100956
0.04412794334893988 28.22537648566946
0.044177219258926925 28.454008355537447
0.04422649516891397 28.635030557610847
0.044275771078901016 28.90969012846379
0.04432504698888806 29.19052690304957
0.04437432289887511 29.348572920506914
0.04442359880886215 29.57735545388058
0.0444728747188492 29.93585926564392
0.04452215062883624 30.132701135813623
0.04457142653882329 30.41270926111817
0.044620702448810334 30.63267797940961
0.04466997835879738 30.975964777099364
0.044719254268784425 31.081429231074715
0.04476853017877147 31.39932922805755
0.044817806088758516 31.712181997600133
0.04486708199874556 31.92424088184342
0.04491635790873261 32.18458741965685
0.04496563381871965 32.46693082929942
0.0450149097287067 32.81089561276474
0.04506418563869374 33.05286120288532
0.04511346154868079 33.261756153509346
0.045162737458667834 33.61619205061936
0.04521201336865488 33.86343086343871
0.045261289278641925 34.18215950970278
0.04531056518862897 34.519570430671045
0.045359841098616016 34.80741305827091
0.04540911700860306 35.09367371906114
0.04545839291859011 35.408108455413355
0.04550766882857715 35.730679021072234
0.0455569447385642 35.99539480055036
0.04560622064855124 36.235552428602794
0.04565549655853829 36.49137906124585
0.045704772468525334 36.91414085818132
0.04575404837851238 37.1136193397004
0.045803324288499425 37.47430777229609
0.04585260019848647 37.775333456642876
0.045901876108473516 38.079447742856075
0.04595115201846056 38.36096250321741
0.04600042792844761 38.69008693137333
0.04604970383843465 39.09250915504212
0.0460989797484217 39.372065289829635
0.04614825565840874 39.72273459929767
0.04619753156839579 39.91618654058959
0.046246807478382834 40.27145108698083
0.04629608338836988 40.693007575870865
0.046345359298356925 41.01128423161789
0.04639463520834397 41.36059756953482
0.046443911118331016 41.62275206941639
0.04649318702831806 41.909163393712305
0.04654246293830511 42.22427611584007
0.04659173884829215 42.56372099413501
0.0466410147582792 43.02889456791914
0.04669029066826624 43.298657574837506
0.04673956657825329 43.653696125970235
0.046788842488240334 44.04828384734371
0.04683811839822738 44.34441296775592
0.046887394308214425 44.554889885189574
0.04693667021820147 45.08515009342706
0.046985946128188516 45.319733171769364
0.04703522203817556 45.47484125086597
0.04708449794816261 45.87161359307179
0.04713377385814965 46.31915953669147
0.0471830497681367 46.683915883940486
0.04723232567812374 46.9224915451833
0.04728160158811079 47.35376583018963
0.047330877498097834 47.58081573324798
0.04738015340808488 47.94564741224985
0.047429429318071925 48.28863288292825
0.04747870522805897 48.75531309176916
0.047527981138046016 49.047826288045066
0.04757725704803306 49.370095526692594
0.04762653295802011 49.71775156604705
0.04767580886800715 49.90992286754069
0.0477250847779942 50.32786343229443
0.04777436068798124 50.683278642191354
0.04782363659796829 51.030482691028766
0.047872912507955334 51.285028683873556
0.04792218841794238 51.60044273301268
0.047971464327929425 52.11902651956003
0.04802074023791647 52.341029195178145
0.048070016147903516 52.67241357591925
0.04811929205789056 52.9642487864196
0.04816856796787761 53.31981465982221
0.04821784387786465 53.55387041589464
0.0482671197878517 53.903786407834275
0.04831639569783874 54.15923638171313
0.04836567160782579 54.60565234904021
0.048414947517812834 54.89161168281908
0.04846422342779988 55.21470957074784
0.048513499337786925 55.44070482926645
0.04856277524777397 55.79868131875991
0.048612051157761016 56.03220975256247
0.04866132706774806 56.394103493203595
0.04871060297773511 56.697991784158276
0.04875987888772215 57.0558929418989
0.0488091547977092 57.2426403571881
0.04885843070769624 57.59850755760206
0.04890770661768329 57.90797039826687
0.048956982527670334 58.17833605920795
0.04900625843765738 58.46512404226806
0.049055534347644425 58.76577306785064
0.04910481025763147 58.92140846921711
0.049154086167618516 59.254600812026375
0.04920336207760556 59.57378144880748
0.04925263798759261 59.833901991362396
0.04930191389757965 60.15654788877412
0.0493511898075667 60.38811769700284
0.04940046571755374 60.45975819395324
0.04944974162754079 60.799881058023736
0.049499017537527834 61.07047271422334
0.04954829344751488 61.313342285378006
0.049597569357501925 61.4076576399331
0.04964684526748897 61.666949533206775
0.049696121177476016 61.92902870133552
0.04974539708746306 62.07600095112545
0.04979467299745011 62.513301776358944
0.04984394890743715 62.634359903172076
0.0498932248174242 62.91828527962428
0.04994250072741124 63.19475281254537
0.04999177663739829 63.262702053606624
0.050041052547385334 63.48041081931288
0.05009032845737238 63.66535027253394
0.050139604367359425 63.867314701896724
0.05018888027734647 63.996433326263684
0.050238156187333516 64.2788520676591
0.05028743209732056 64.28698789696577
0.05033670800730761 64.50755926927992
0.05038598391729465 64.63923917324342
0.0504352598272817 64.78734139932595
0.05048453573726874 65.10170080392533
0.05053381164725579 65.05296115983815
0.050583087557242834 65.2851336220896
0.05063236346722988 65.47338767243559
0.050681639377216925 65.52152466250006
0.05073091528720397 65.59986968545317
0.050780191197191016 65.74503397317496
0.05082946710717806 65.82119437529572
0.05087874301716511 66.00929776213604
0.05092801892715215 66.02986333066123
0.0509772948371392 66.08914942014594
0.05102657074712624 66.26753501086996
0.05107584665711329 66.19491520113264
0.051125122567100334 66.36026839861543
0.05117439847708738 66.3907024267626
0.051223674387074425 66.55033041102958
0.05127295029706147 66.5940228276765
0.051322226207048516 66.67741507806986
0.05137150211703556 66.71214301612889
0.05142077802702261 66.66920391701036
0.05147005393700965 66.67251851413529
0.0515193298469967 66.6955700305042
0.05156860575698374 66.69466604947011
0.05161788166697079 66.82845524251313
0.051667157576957834 66.84864415227412
0.05171643348694488 66.69383740018888
0.051765709396931925 66.75613675978718
0.05181498530691897 66.6973026608195
0.051864261216906016 66.59703609779008
0.05191353712689306 66.7062671394074
0.05196281303688011 66.5620068327197
0.05201208894686715 66.44923519871892
0.0520613648568542 66.46452754454535
0.05211064076684124 66.4648288715567
0.05215991667682829 66.37548541268902
0.052209192586815334 66.4724373785935
0.05225846849680238 66.16704245258202
0.052307744406789425 66.2085502483966
0.05235702031677647 66.13382114957979
0.052406296226763516 65.96018145928467
0.05245557213675056 65.6957670068179
0.05250484804673761 65.64047350023368
0.05255412395672465 65.52325729281536
0.0526033998667117 65.47730492358325
0.05265267577669874 65.19744746178438
0.05270195168668579 65.23428468892291
0.052751227596672834 65.11081594601892
0.05280050350665988 64.86184450288425
0.052849779416646925 64.77295303453361
0.05289905532663397 64.61761896017849
0.052948331236621016 64.50605263422314
0.05299760714660806 64.15470533897955
0.05304688305659511 64.16577910664697
0.05309615896658215 63.84697512863005
0.0531454348765692 63.71439124363247
0.05319471078655624 63.47039169618522
0.05324398669654329 63.2765630961291
0.053293262606530334 63.05101982812754
0.05334253851651738 62.86374509056846
0.053391814426504425 62.72844926246865
0.05344109033649147 62.418007109016926
0.053490366246478516 62.20059967032204
0.05353964215646556 62.05008682814864
0.05358891806645261 61.742055290787796
0.05363819397643965 61.639905433937386
0.0536874698864267 61.15725489349449
0.05373674579641374 61.0456132357863
0.05378602170640079 60.693060632497286
0.053835297616387834 60.40951191480927
0.05388457352637488 60.180654049682765
0.053933849436361925 59.8727731758276
0.05398312534634897 59.52677443503561
0.054032401256336016 59.209477092075495
0.05408167716632306 58.95191782911713
0.05413095307631011 58.72290930048495
0.05418022898629715 58.309413309148745
0.0542295048962842 58.19513504009117
0.05427878080627124 57.74879440451693
0.05432805671625829 57.38644867335877
0.054377332626245334 57.16158339113276
0.05442660853623238 56.84873062159018
0.054475884446219425 56.62657728246639
0.05452516035620647 55.992057928299
0.054574436266193516 55.73638195916162
0.05462371217618056 55.39437580127013
0.054672988086167607 55.20099919173105
0.05472226399615465 54.76520500155435
0.0547715399061417 54.536271804675
0.05482081581612874 54.059798467964946
0.05487009172611579 53.64253588898677
0.054919367636102834 53.35311129457728
0.05496864354608988 52.994155492296905
0.055017919456076925 52.62028400295429
0.05506719536606397 52.28430438528997
0.055116471276051016 51.853406759047836
0.05516574718603806 51.51087327888647
0.055215023096025106 51.18973401653154
0.05526429900601215 50.70783679361704
0.0553135749159992 50.399955919761865
0.05536285082598624 49.97659146880369
0.05541212673597329 49.67903104508753
0.055461402645960334 49.16255654761968
0.05551067855594738 48.8133185414556
0.055559954465934425 48.419785464621874
0.05560923037592147 48.077327316213356
0.055658506285908516 47.680931632771724
0.05570778219589556 47.24626741888761
0.055757058105882606 46.8699099817013
0.05580633401586965 46.4362250806041
0.0558556099258567 46.004498805080736
0.05590488583584374 45.67492238640777
0.05595416174583079 45.30632411976393
0.056003437655817834 44.81915367415067
0.05605271356580488 44.47820216079893
0.056101989475791925 44.05385839705384
0.05615126538577897 43.54740302271365
0.056200541295766016 43.074394946634214
0.05624981720575306 42.74014795928521
0.056299093115740106 42.34940215730654
0.05634836902572715 41.983967824281955
0.0563976449357142 41.516760293171174
0.05644692084570124 41.20338020135871
0.05649619675568829 40.63349549112763
0.056545472665675334 40.23890776975415
0.05659474857566238 39.851250569641905
0.056644024485649425 39.47549578647832
0.05669330039563647 39.07518285188903
0.056742576305623516 38.59720288012219
0.05679185221561056 38.21948947138477
0.056841128125597606 37.72606649028582
0.05689040403558465 37.373061896479754
0.0569396799455717 37.066386330670014
0.05698895585555874 36.48429787647894
0.05703823176554579 36.150879538411154
0.057087507675532834 35.6633324340337
0.05713678358551988 35.364039380002225
0.057186059495506925 34.99815305646061
0.05723533540549397 34.503223440304865
0.057284611315481015 34.159183325086715
0.05733388722546806 33.788400437610534
0.057383163135455106 33.26303679330762
0.05743243904544215 32.883289427243525
0.0574817149554292 32.58279106516663
0.05753099086541624 32.09546995604769
0.05758026677540329 31.688904485972714
0.057629542685390334 31.392624702054828
0.05767881859537738 30.95110529866232
0.057728094505364425 30.566386036910817
0.05777737041535147 30.151760069282023
0.057826646325338515 29.779696542007567
0.05787592223532556 29.262092068247128
0.057925198145312606 28.980200649121592
0.05797447405529965 28.573785842552304
0.0580237499652867 28.233888973740328
0.05807302587527374 27.813989783412765
0.05812230178526079 27.490590568472644
0.058171577695247834 27.1263615434935
0.05822085360523488 26.7246926373531
0.058270129515221925 26.291459726772942
0.05831940542520897 26.009718971153085
0.058368681335196015 25.643154661835915
0.05841795724518306 25.26845452321207
0.058467233155170106 24.950931184993436
0.05851650906515715 24.47980640273499
0.0585657849751442 24.30978263657616
0.05861506088513124 23.854251527155498
0.05866433679511829 23.506520156048207
0.058713612705105334 23.233517883757735
0.05876288861509238 22.755311916732374
0.058812164525079424 22.438240569030775
0.05886144043506647 22.13126367620967
0.058910716345053515 21.752721618191014
0.05895999225504056 21.444012095054603
0.059009268165027606 21.149992263721902
0.05905854407501465 20.82410710093808
0.0591078199850017 20.46033006647597
0.05915709589498874 20.169775495773887
0.05920637180497579 19.856395403961425
0.059255647714962834 19.569833416159838
0.05930492362494988 19.206659035720442
0.059354199534936924 18.96740538870208
0.05940347544492397 18.552779421073286
0.059452751354911015 18.364600702480132
0.05950202726489806 18.022820539847164
0.059551303174885106 17.735203907505824
0.05960057908487215 17.3388082240642
0.0596498549948592 17.133679861082143
0.05969913090484624 16.85450038505883
0.05974840681483329 16.557241288354028
0.059797682724820334 16.257345580299845
0.05984695863480738 16.015078663167905
0.059896234544794424 15.651904282728509
0.05994551045478147 15.38990044635261
0.059994786364768515 15.197804476611799
0.06004406227475556 14.86770073566896
0.060093338184742606 14.607956851878246
0.06014261409472965 14.384974863473227
0.0601918900047167 14.07747064838225
0.06024116591470374 13.880402782954027
0.06029044182469079 13.571467264559098
0.060339717734677834 13.284302622734794
0.06038899364466488 13.11525816936288
0.060438269554651924 12.891146204665265
0.06048754546463897 12.658747747155303
0.060536821374626015 12.411810261347311
0.06058609728461306 12.137452017505728
0.060635373194600106 11.98023464932962
0.06068464910458715 11.668888514843825
0.0607339250145742 11.50481595715932
0.06078320092456124 11.341948707520247
0.06083247683454829 11.04762754917619
0.060881752744535333 10.883479659738844
0.06093102865452238 10.680083927072102
0.060980304564509424 10.425085943710279
0.06102958047449647 10.222292865066253
0.061078856384483515 9.983867867329128
0.06112813229447056 9.761337869441144
0.061177408204457606 9.640053747369494
0.06122668411444465 9.493759483355118
0.0612759600244317 9.266106926274047
0.06132523593441874 9.097363799913492
0.06137451184440579 8.857281503613896
0.06142378775439283 8.697879514605441
0.06147306366437988 8.4880052511945
0.061522339574366924 8.345176247810743
0.06157161548435397 8.176282457944508
0.061620891394341015 8.004149402706172
0.06167016730432806 7.816949996899931
0.061719443214315106 7.687078055004574
0.06176871912430215 7.512233056664015
0.0618179950342892 7.361569550984948
0.06186727094427624 7.200660926919702
0.06191654685426329 7.005551687065309
0.06196582276425033 6.893006048323046
0.06201509867423738 6.740835907587186
0.062064374584224424 6.604410103194791
0.06211365049421147 6.493898421779194
0.062162926404198515 6.3197314092141905
0.06221220231418556 6.153549562450179
0.062261478224172606 6.0035640425466665
0.06231075413415965 5.89470965969354
0.0623600300441467 5.787813902414241
0.06240930595413374 5.647621510379868
0.06245858186412079 5.506751132569939
0.06250785777410783 5.380721110069399
0.06255713368409488 5.247007248779226
0.06260640959408192 5.144104074400422
0.06265568550406897 5.026661871723589
0.06270496141405602 4.896940593333912
0.06275423732404306 4.811891044378077
0.0628035132340301 4.709213865257793
0.06285278914401715 4.571507421067124
0.0629020650540042 4.455948512211279
0.06295134096399124 4.391916522297675
0.06300061687397829 4.240198372078853
0.06304989278396533 4.151532898986722
0.06309916869395238 4.053601620295328
0.06314844460393942 3.952431076231833
0.06319772051392647 3.8732574039974828
0.06324699642391352 3.7637250353688003
0.06329627233390056 3.697885083387048
0.0633455482438876 3.632497121922332
0.06339482415387465 3.539613070671187
0.0634441000638617 3.4211162234545998
0.06349337597384874 3.321828973212094
0.06354265188383579 3.279492528116276
0.06359192779382283 3.163330965237714
0.06364120370380988 3.084910610531759
0.06369047961379692 3.0214059428880318
0.06373975552378397 2.9319871522675047
0.06378903143377102 2.887164759327982
0.06383830734375806 2.79541068436943
0.0638875832537451 2.747424357810647
0.06393685916373215 2.6635801169002455
0.0639861350737192 2.5847831034300928
0.06403541098370624 2.5348381512974814
0.06408468689369329 2.4610883652675777
0.06413396280368033 2.3846266361354505
0.06418323871366738 2.337016968340865
0.06423251462365442 2.295283177267763
0.06428179053364147 2.2054877278830385
0.06433106644362852 2.1284986764810347
0.06438034235361556 2.1036391980439886
0.0644296182636026 2.0511329663148334
0.06447889417358965 1.9851423508274013
0.0645281700835767 1.922616995970588
0.06457744599356374 1.8678508116562471
0.06462672190355079 1.8460799350856214
0.06467599781353783 1.796360978211529
0.06472527372352488 1.7131947230766835
0.06477454963351192 1.66528372827074
0.06482382554349897 1.635829012910482
0.06487310145348602 1.5904792977010827
0.06492237736347306 1.575412947133176
0.0649716532734601 1.503772450182779
0.06502092918344715 1.4769543461719046
0.0650702050934342 1.4321319532323817
0.06511948100342124 1.3869329015286616
0.06516875691340829 1.3506983284128455
0.06521803282339533 1.3278728073024668
0.06526730873338238 1.2763458883602254
0.06531658464336942 1.2433505806165095
0.06536586055335647 1.1850438039187101
0.06541513646334352 1.1715594201604336
0.06546441237333056 1.1530278089619084
0.0655136882833176 1.094419705252751
0.06556296419330465 1.0737034732218789
0.0656122401032917 1.0486933312791538
0.06566151601327874 1.0195399429302539
0.06571079192326579 0.9904618863341939
0.06576006783325283 0.9528713416672663
0.06580934374323988 0.9318537826250363
0.06585861965322692 0.902323735511939
0.06590789556321397 0.8851480958645253
0.06595717147320102 0.8455989256237698
0.06600644738318806 0.820513451928205
0.0660557232931751 0.8023584994938773
0.06610499920316215 0.7802862959118938
0.0661542751131492 0.7552008222163289
0.06620355102313624 0.7408877891768174
0.06625282693312329 0.7031465810042109
0.06630210284311033 0.685820277851118
0.06635137875309738 0.6753491642064228
0.06640065466308442 0.6574202070306138
0.06644993057307147 0.6280408234231954
0.06649920648305852 0.6029553497276305
0.06654848239304556 0.5853277195631796
0.0665977583030326 0.5809584778984866
0.06664703421301965 0.559865587103417
0.0666963101230067 0.5292808954505663
0.06674558603299374 0.5290549001920477
0.06679486194298079 0.497641559257962
0.06684413785296783 0.4886017489172179
0.06689341376295488 0.4712001140112855
0.06694268967294192 0.4657762278068391
0.06699196558292897 0.43692416646929755
0.06704124149291601 0.42607639406040465
0.06709051740290306 0.41952253156336516
0.0671397933128901 0.40302487769150724
0.06718906922287715 0.39293042281100965
0.0672383451328642 0.38200731864927717
0.06728762104285124 0.3747001386238424
0.06733689695283829 0.35888047052754024
0.06738617286282533 0.35157329050210545
0.06743544877281238 0.332891015797901
0.06748472468279942 0.3225705656588848
0.06753400059278647 0.314133409340857
0.06758327650277351 0.2959784569065293
0.06763255241276056 0.2925131962759107
0.0676818283227476 0.27194762775071796
0.06773110423273465 0.27925480777615275
0.0677803801427217 0.27368025806602725
0.06782965605270874 0.25319002129367396
0.06787893196269579 0.24693748580799266
0.06792820787268283 0.23782234371440902
0.06797748378266988 0.23164513998156722
0.06802675969265692 0.22215333912378593
0.06807603560264397 0.21778409745909297
0.06812531151263101 0.21507215435686972
0.06817458742261806 0.21492149085119067
0.0682238633326051 0.1972938606867397
0.06827313924259215 0.18908269962723048
0.0683224151525792 0.1807208750620422
0.06837169106256624 0.1774062779371027
0.06842096697255329 0.17484499834055856
0.06847024288254033 0.16512720222425867
0.06851951879252738 0.1630179131447517
0.06856879470251442 0.1497595246449937
0.06861807061250147 0.15510807909660063
0.06866734652248851 0.1480268943296844
0.06871662243247556 0.14373298441783097
0.0687658983424626 0.1371791219207915
0.06881517425244965 0.13017326890671485
0.0688644501624367 0.12414672867955213
0.06891372607242374 0.12286608888128006
0.06896300198241079 0.12045547279041495
0.06901227789239783 0.10779973831337324
0.06906155380238488 0.11021035440423832
0.06911082971237192 0.10523845871682909
0.06916010562235897 0.10214985685040817
0.06920938153234601 0.0992872502425059
0.06925865744233306 0.09228139722842922
0.0693079333523201 0.09612331662324546
0.06935720926230715 0.09175407495855249
0.0694064851722942 0.08376890915756187
0.06945576108228124 0.07578374335657126
