u pdf
0.023013216 0.006996065156672878
0.023097813 0.00745639058649001
0.023182409 0.007944467904746736
0.023267007 0.008461791920552809
0.023351602 0.009009926119141008
0.0234362 0.00959050507314935
0.023520796 0.010205236893412404
0.023605393 0.010855905716977395
0.023689989 0.011544374229827832
0.023774587 0.012272586221555633
0.023859182 0.01304256916897249
0.02394378 0.013856436845393347
0.024028376 0.014716391952059562
0.024112973 0.015624728767895212
0.024197571 0.01658383581351058
0.024282167 0.01759619852507936
0.024366764 0.018664401933422708
0.02445136 0.019791133343334325
0.024535958 0.02097918500787632
0.024620553 0.02223145679206578
0.024705151 0.023550958820059684
0.024789747 0.02494081409962816
0.024874344 0.026404261117387036
0.02495894 0.02794465639793969
0.025043538 0.0295654770197551
0.025128134 0.03127032308028684
0.025212731 0.0330629201025164
0.025297327 0.03494712137478313
0.025381925 0.036926910215446994
0.02546652 0.039006402153616386
0.025551118 0.04118984701686524
0.025635714 0.04348163091656126
0.025720311 0.04588627812113377
0.025804907 0.048408452807322234
0.025889505 0.05105296067917302
0.025974102 0.05382475044428586
0.026058698 0.05672891513656182
0.026143296 0.05977069327446813
0.026227891 0.0629554698436123
0.026312489 0.066288777092217
0.026397085 0.06977629512790151
0.026481682 0.07342385230401108
0.026566278 0.0772374253835946
0.026650876 0.0812231394690117
0.026735472 0.08538726768505846
0.02682007 0.08973623060343376
0.026904665 0.09427659539633071
0.026989263 0.09901507470693045
0.027073858 0.10395852522459927
0.027158456 0.10911394595264647
0.027243052 0.11448847615659255
0.02732765 0.12008939298102612
0.027412245 0.12592410872329068
0.027496843 0.13200016775245008
0.027581438 0.13832524306222296
0.027666036 0.14490713244686573
0.027750632 0.15175375428930898
0.02783523 0.1588731429512289
0.027919827 0.16627344375514885
0.028004423 0.17396290754913257
0.02808902 0.1819498848451385
0.028173616 0.1902428195226623
0.028258214 0.19885024208990024
0.02834281 0.20778076249531652
0.028427407 0.21704306248320454
0.028512003 0.22664588748757478
0.0285966 0.23659803805950863
0.028681196 0.2469083608239618
0.028765794 0.2575857389628938
0.02885039 0.2686390822225508
0.028934987 0.28007731644371336
0.029019583 0.29190937261476135
0.02910418 0.30414417544848765
0.029188776 0.31679063148472303
0.029273374 0.32985761672199904
0.02935797 0.3433539637826859
0.029442567 0.3572884486172958
0.029527163 0.3716697767549218
0.02961176 0.3865065691081089
0.029696358 0.4018073473418013
0.029780954 0.41758051881740027
0.029865552 0.4338343611243722
0.029950147 0.45057700621327684
0.030034745 0.46781642414555336
0.03011934 0.485560406476856
0.030203938 0.5038165492922337
0.030288534 0.5225922359129277
0.030373132 0.5418946192960747
0.030457728 0.5617306041500969
0.030542325 0.582106828790065
0.030626921 0.6030296467588084
0.030711519 0.6245051082410308
0.030796114 0.6465389412991528
0.030880712 0.6691365329610409
0.030965308 0.6923029101912048
0.031049905 0.7160427207784246
0.031134501 0.7403602141741166
0.031219099 0.7652592223170527
0.031303696 0.7907431404813092
0.03138829 0.8168149081855189
0.031472888 0.8434769902026559
0.031557485 0.8707313577106597
0.031642083 0.8985794696252289
0.03172668 0.9270222541570451
0.031811275 0.9560600906365636
0.031895872 0.9856927916502788
0.03198047 1.0159195855330603
0.032065067 1.0467390992617622
0.03214966 1.0781493417957928
0.03223426 1.110147687910739
0.032318857 1.1427308625714154
0.032403454 1.1758949258908948
0.032488048 1.2096352587221333
0.032572646 1.243946548928736
0.032657243 1.2788227783812507
0.03274184 1.3142572107250423
0.032826435 1.3502423799653993
0.032911032 1.3867700799149199
0.03299563 1.4238313545475743
0.033080228 1.4614164893029673
0.03316482 1.4995150033833837
0.03324942 1.5381156430850884
0.033334017 1.5772063762041164
0.033418614 1.616774387555405
0.033503212 1.656806075642618
0.033587806 1.6972870505143551
0.033672404 1.7382021328406632
0.033757 1.7795353542418466
0.0338416 1.821269958899537
0.033926193 1.8633884064778008
0.03401079 1.9058723763797756
0.034095388 1.9487027733629034
0.034179986 1.9918597345333031
0.03426458 2.0353226377371727
0.034349177 2.079070111364365
0.034433775 2.1230800455764323
0.034518372 2.167329604968482
0.034602966 2.2117952426711485
0.034687564 2.2564527158958887
0.03477216 2.301277102923592
0.03485676 2.3462428215332527
0.034941353 2.391323648864146
0.03502595 2.436492742701559
0.03511055 2.4817226641727395
0.035195146 2.5269854018362934
0.035279743 2.5722523971447666
0.035364337 2.617494571256718
0.035448935 2.6626823531710713
0.035533533 2.7077857091530855
0.03561813 2.7527741734178215
0.035702724 2.797616880033556
0.03578732 2.842282596004201
0.03587192 2.8867397554864485
0.035956517 2.9309564950940676
0.03604111 2.9749006902385906
0.03612571 3.0185399924524488
0.036210306 3.061841867637611
0.036294904 3.104773635179814
0.036379497 3.147302507865635
0.036464095 3.1893956325369515
0.036548693 3.2310201314147386
0.03663329 3.272143144021703
0.036717884 3.3127318696309627
0.03680248 3.352753610165836
0.03688708 3.3921758134737963
0.036971677 3.430966116895895
0.03705627 3.4690923910512677
0.03714087 3.5065227837549493
0.037225466 3.543225763985936
0.037310064 3.5791701658214046
0.03739466 3.6143252322521637
0.037479255 3.648660658793735
0.037563853 3.682146636807092
0.03764845 3.714753896442843
0.03773305 3.74645374912266
0.037817642 3.777218129472007
0.03790224 3.807019636618654
0.037986837 3.835831574772169
0.038071435 3.863627993000452
0.03815603 3.8903837241205275
0.038240626 3.9160744226221498
0.038325224 3.9406766015443235
0.03840982 3.964167668226657
0.038494416 3.986525958859427
0.038579013 4.007730771758451
0.03866361 4.027762399293274
0.03874821 4.046602158399757
0.038832802 4.064232419610967
0.0389174 4.080636634543251
0.039001998 4.095799361777495
0.039086595 4.109706291078933
0.039171193 4.122344265902335
0.039255787 4.133701304133012
0.039340384 4.143766617017901
0.039424982 4.1525306262448245
0.03950958 4.159984979132116
0.039594173 4.16612256189486
0.03967877 4.170937510958268
0.03976337 4.174425222293004
0.039847966 4.176582358751647
0.03993256 4.177406855389924
0.040017158 4.176897922760856
0.040101755 4.175056048174427
0.040186353 4.171882994919995
0.040270947 4.167381799453166
0.040355545 4.161556766553402
0.040440142 4.154413462463209
0.04052474 4.145958706024166
0.040609334 4.136200557829601
0.04069393 4.125148307418024
0.04077853 4.112812458535835
0.040863127 4.099204712502025
0.040947724 4.084337949711732
0.041032318 4.068226209319603
0.041116916 4.0508846671478125
0.041201513 4.032329611867382
0.04128611 4.012578419505161
0.041370705 3.9916495263322616
0.041455302 3.969562400193213
0.0415399 3.9463375103381746
0.041624498 3.9219962958236727
0.04170909 3.896561132550081
0.04179369 3.870055299006774
0.041878287 3.842502940798291
0.041962884 3.8139290340271286
0.04204748 3.784359347610799
0.042132076 3.753820404612647
0.042216673 3.722339442667508
0.04230127 3.689944373584721
0.042385865 3.656663742212151
0.042470463 3.6225266846458624
0.04255506 3.5875628858708026
0.042639658 3.5518025369183595
0.04272425 3.5152762916269547
0.04280885 3.478015223091897
0.042893447 3.4400507798905533
0.042978045 3.40141474216854
0.043062642 3.362139177672032
0.043147236 3.322256397810524
0.043231834 3.281798913833324
0.04331643 3.2407993932019195
0.04340103 3.199290616238907
0.043485623 3.157305433132643
0.04357022 3.1148767213749404
0.043654818 3.0720373437072825
0.043739416 3.028820106648838
0.04382401 2.9852577196773455
0.043908607 2.9413827551315115
0.043993205 2.897227608900996
0.044077802 2.852824461967391
0.044162396 2.808205242856788
0.044246994 2.7634015910615846
0.04433159 2.718444821486199
0.04441619 2.6733658899682013
0.044500783 2.6281953599232177
0.04458538 2.5829633701586503
0.04466998 2.537699603897962
0.044754576 2.4924332590538794
0.044839174 2.44719301978545
0.044923767 2.4020070293704348
0.045008365 2.356902864421063
0.045092963 2.3119075104676843
0.04517756 2.2670473389313788
0.045262154 2.2223480855031346
0.04534675 2.1778348299437256
0.04543135 2.133531977315057
0.045515947 2.0894632406503026
0.04560054 2.045651625066904
0.04568514 2.002119413323168
0.045769736 1.9588881528160291
0.045854334 1.915978644014391
0.045938928 1.873410930319422
0.046023525 1.8312042893401879
0.046108123 1.7893772255701565
0.04619272 1.7479474644473156
0.046277314 1.7069319477779872
0.046361912 1.6663468305018445
0.04644651 1.62620747877322
0.046531107 1.5865284693314448
0.046615705 1.5473235901307676
0.0467003 1.508605842198324
0.046784896 1.4703874426866888
0.046869494 1.4326798290857177
0.04695409 1.3954936645567162
0.047038686 1.3588388443504182
0.047123283 1.3227245032688653
0.04720788 1.2871590241299822
0.04729248 1.2521500471925286
0.047377072 1.2177044804981056
0.04746167 1.1838285110860156
0.047546268 1.150527617036077
0.047630865 1.1178065802938626
0.04771546 1.085669500232401
0.047800057 1.0541198079040155
0.047884654 1.0231602809357878
0.047969252 0.9927930590220307
0.048053846 0.9630196599671926
0.048138443 0.9338409962327712
0.04822304 0.9052573919420643
0.04830764 0.8772686002969661
0.048392236 0.8498738213614795
0.04847683 0.8230717201672043
0.048561428 0.7968604450967104
0.048646025 0.7712376465014809
0.048730623 0.7462004955119416
0.048815217 0.7217457029980235
0.048899814 0.6978695386397028
0.048984412 0.6745678500680251
0.04906901 0.6518360820382655
0.049153604 0.629669295598057
0.0492382 0.6080621872145712
0.0493228 0.5870091078261277
0.049407396 0.5665040817849499
0.04949199 0.5465408256591545
0.049576588 0.5271127668634772
0.049661186 0.5082130620896698
0.049745783 0.48983461550896124
0.049830377 0.47197009672045986
0.049914975 0.4546119584208538
0.049999572 0.4377524537722711
0.05008417 0.42138365344666395
0.050168764 0.4054974623265795
0.05025336 0.3900856358436753
0.05033796 0.3751397959378335
0.050422557 0.360651446621194
0.050507154 0.34661198913288943
0.05059175 0.33301273667170533
0.050676346 0.31984492869530484
0.050760943 0.30709974477604196
0.05084554 0.29476831800475606
0.050930135 0.2828417479352602
0.051014733 0.27131111306354166
0.05109933 0.26016748283693597
0.051183928 0.2494019291897706
0.05126852 0.2390055376031414
0.05135312 0.22896941768762838
0.051437717 0.2192847132888449
0.051522315 0.2099426121167678
0.05160691 0.2009343549007935
0.051691506 0.19225124407342026
0.051776104 0.18388465198636822
0.0518607 0.1758260286638016
0.051945295 0.168066909098134
0.052029893 0.1605989200946551
0.05211449 0.15341378667193334
0.052199088 0.14650333802561194
0.052283686 0.1398595130638319
0.05236828 0.1334743655230859
0.052452877 0.12734006867382464
0.052537475 0.12144891962561429
0.052622072 0.1157933432420706
0.052706666 0.1103658956761782
0.052791264 0.10515926753694373
0.05287586 0.10016628669862725
0.05296046 0.09537992076404961
0.053045053 0.09079327919368906
0.05312965 0.08639961511245423
0.05321425 0.08219232680615528
0.053298846 0.07816495891979937
0.05338344 0.07431120336989698
0.053468037 0.070624899983
0.053552635 0.06710003687269275
0.053637233 0.06373075056722335
0.053721827 0.06051132589990538
0.053806424 0.0574361956743344
0.05389102 0.05449994011634683
0.05397562 0.05169728612451693
0.054060217 0.04902310633082626
0.05414481 0.0464724179829603
0.05422941 0.0440403816594883
0.054314006 0.041722299828966206
0.054398604 0.03951361526376699
0.054483198 0.037409909319198645
0.054567795 0.03540690008820484
0.054652393 0.03350044044167414
0.05473699 0.031686515964097384
0.054821584 0.029961242794021927
0.054906182 0.02832086537845053
0.05499078 0.02676175415002621
0.055075377 0.025280403135531197
0.05515997 0.023873427503913264
0.05524457 0.02253756106173195
0.055329166 0.02126965370359631
0.055413764 0.0200666688248431
0.055498358 0.018925680703382505
0.055582955 0.01784387185731558
0.055667553 0.016818530384609252
0.05575215 0.015847047290795717
0.05583675 0.014926913810350148
0.055921342 0.014055718727089793
0.05600594 0.01323114569863183
0.056090537 0.012450970589647146
0.056175135 0.011713058818352414
0.05625973 0.011015362720393888
0.056344327 0.010355918933994767
0.056428924 0.009732845809963114
0.05651352 0.009144340849889238
0.056598116 0.008588678175602327
0.056682713 0.008064206032703681
0.05676731 0.007569344330750434
0.05685191 0.007102582222428317
0.056936502 0.006662475723824987
0.0570211 0.0062476453776974935
0.057105698 0.00585677396141779
0.057190295 0.005488604241079418
0.05727489 0.005141936773056641
0.057359487 0.004815627754123986
0.057444084 0.004508586921069631
0.057528682 0.004219775500570308
0.057613276 0.0039482042099380854
0.057697874 0.0036929313092005575
0.05778247 0.0034530607048355736
0.05786707 0.0032277401053494186
0.057951666 0.0030161592287629925
0.05803626 0.00281754806195442
0.058120858 0.0026311751716976434
0.058205456 0.0024563460671356186
0.058290053 0.0022924016133325674
0.058374647 0.002138716495463163
0.058459245 0.001994697733116327
0.058543842 0.0018597832441180425
0.05862844 0.0017334404572104962
0.058713034 0.001615164972863952
0.05879763 0.0015044792714427747
0.05888223 0.0014009314678976217
0.058966827 0.0013040941121118211
0.05905142 0.0012135630339911586
0.05913602 0.0011289562323523138
0.059220616 0.0010499128066359608
0.059305213 0.000976091930445691
0.059389807 0.0009071718658932177
0.059474405 0.0008428490177136939
0.059559003 0.0007828370261018764
0.0596436 0.0007268658972104892
0.059728198 0.0006746811702458257
0.05981279 0.0006260431200925253
0.05989739 0.0005807259943991678
0.059981987 0.0005385172840586165
0.060066584 0.0004992170260219157
0.06015118 0.0004626371373915642
0.060235776 0.00042860077974913387
0.060320374 0.00039694175268329193
0.06040497 0.00036750391549703244
0.060489565 0.00034014063608728815
0.060574163 0.00031471426600590823
0.06065876 0.0002910956407279741
0.060743358 0.0002691636041716602
0.060827952 0.0002488045565329858
0.06091255 0.00022991202451884456
0.060997147 0.0002123862530825091
0.061081745 0.0001961338177871906
0.06116634 0.00018106725694521468
0.061250936 0.00016710472270272783
0.061335534 0.0001541696502625607
0.06142013 0.00014219044446082128
0.06150473 0.00013110018293590724
0.061589323 0.00012083633515181229
0.06167392 0.00011134049656082568
0.06175852 0.00010255813721387813
0.061843116 9.443836414983918e-05
0.06192771 8.693369691796174e-05
0.062012307 7.999985561033499e-05
0.062096905 7.359556080361987e-05
0.062181503 6.768234483145248e-05
0.062266096 6.22243738306635e-05
0.062350694 5.7188280025864566e-05
0.06243529 5.2543003737947135e-05
0.062519886 4.825964462260714e-05
0.06260449 4.431132166512952e-05
0.06268908 4.067304147732075e-05
0.062773675 3.7321574461640336e-05
0.062858276 3.4235338426254956e-05
0.06294287 3.139428925289947e-05
0.06302747 2.877981823707099e-05
0.063112065 2.6374655737204816e-05
0.06319666 2.4162780786075757e-05
0.06328126 2.212933633373113e-05
0.063365854 2.0260549806800923e-05
0.063450456 1.854365868403622e-05
0.06353505 1.6966840802412574e-05
0.06361964 1.551914912209694e-05
0.063704245 1.4190450692025302e-05
0.06378884 1.2971369570777003e-05
0.06387343 1.1853233469871416e-05
0.063958034 1.0828023898557668e-05
0.06404263 9.888329600632155e-06
0.06412723 9.027303084808106e-06
0.06421182 8.238620060688714e-06
0.06429642 7.516441602471134e-06
0.06438102 6.855378872144049e-06
0.06446561 6.250460243148487e-06
0.064550206 5.697100674262639e-06
0.06463481 5.1910731918581824e-06
0.0647194 4.728482346670647e-06
0.064804 4.305739518843443e-06
0.0648886 3.919539952254105e-06
0.06497319 3.5668414060285475e-06
0.06505779 3.244844317703269e-06
0.065142386 2.9509733787222434e-06
0.06522699 2.6828604288646616e-06
0.06531158 2.4383285818058466e-06
0.065396175 2.2153774993267453e-06
0.065480776 2.0121697367212116e-06
0.06556537 1.827018086714668e-06
0.065649964 1.6583738537153778e-06
0.065734565 1.504815994480844e-06
0.06581916 1.3650410653080056e-06
0.06590376 1.2378539196573012e-06
0.065988354 1.1221591037079171e-06
0.06607295 1.0169529007240624e-06
0.06615755 9.213159783004022e-07
0.06624214 8.344065955573981e-07
0.06632674 7.554543301839365e-07
