u pdf
0.023013216 0.0015705764176943773
0.023097813 0.0016408816266889226
0.023182409 0.0017138302733438232
0.023267007 0.0017894962435137144
0.023351602 0.0018679542733316254
0.0234362 0.001949279898836032
0.023520796 0.0020335494022631915
0.023605393 0.0021208397549562605
0.023689989 0.0022112285568475403
0.023774587 0.0023047939724753154
0.023859182 0.002401614663502203
0.02394378 0.0025017697177076494
0.024028376 0.0026053385744332657
0.024112973 0.00271240094646602
0.024197571 0.002823036738350921
0.024282167 0.0029373259611317226
0.024366764 0.0030553486435254034
0.02445136 0.0031771847395435588
0.024535958 0.0033029140325816345
0.024620553 0.003432616036004828
0.024705151 0.003566369890267741
0.024789747 0.0037042542566132464
0.024874344 0.0038463472074047483
0.02495894 0.003992726113154778
0.025043538 0.004143467526321976
0.025128134 0.004298647061957666
0.025212731 0.004458339275292586
0.025297327 0.004622617536363844
0.025381925 0.004791553901791714
0.02546652 0.004965218983825636
0.025551118 0.005143681816788491
0.025635714 0.0053270097210580255
0.025720311 0.005515268164734177
0.025804907 0.005708520623150777
0.025889505 0.005906828436400037
0.025974102 0.0061102506650478295
0.026058698 0.006318843944227522
0.026143296 0.006532662336309693
0.026227891 0.006751757182354405
0.026312489 0.006976176952562006
0.026397085 0.007205967095947515
0.026481682 0.007441169889472486
0.026566278 0.007681824286876749
0.026650876 0.007927965767460845
0.026735472 0.008179626185077922
0.02682007 0.008436833617601454
0.026904665 0.008699612217142518
0.026989263 0.008967982061297152
0.027073858 0.009241959005710829
0.027158456 0.009521554538252968
0.027243052 0.00980677563510003
0.02732765 0.010097624619030555
0.027412245 0.01039409902024004
0.027496843 0.010696191439987348
0.027581438 0.01100388941738762
0.027666036 0.01131717529966923
0.027750632 0.011636026116214332
0.02783523 0.011960413456703914
0.027919827 0.01229030335368871
0.028004423 0.0126256561699074
0.02808902 0.012966426490672615
0.028173616 0.013312563021643582
0.028258214 0.013664008492302121
0.02834281 0.014020699565445308
0.028427407 0.014382566753004408
0.028512003 0.01474953433849483
0.0285966 0.015121520306396413
0.028681196 0.015498436278756952
0.028765794 0.0158801874593047
0.02885039 0.01626667258534766
0.028934987 0.016657783887728688
0.029019583 0.017053407059095672
0.02910418 0.017453421230735833
0.029188776 0.017857698958211814
0.029273374 0.01826610621602528
0.02935797 0.018678502401520938
0.029442567 0.019094740348230256
0.029527163 0.019514666348840082
0.02961176 0.019938120187955936
0.029696358 0.020364935184814498
0.029780954 0.020794938246082917
0.029865552 0.021227949928865952
0.029950147 0.02166378451402392
0.030034745 0.022102250089886248
0.03011934 0.022543148646426887
0.030203938 0.022986276179947876
0.030288534 0.023431422808298342
0.030373132 0.02387837289663506
0.030457728 0.024326905193710852
0.030542325 0.024776792978655596
0.030626921 0.02522780421819342
0.030711519 0.025679701734218144
0.030796114 0.026132243381627326
0.030880712 0.026585182236293033
0.030965308 0.027038266793025977
0.031049905 0.027491241173366713
0.031134501 0.027943845343016718
0.031219099 0.028395815338698827
0.031303696 0.028846883504215742
0.03138829 0.029296778735452864
0.031472888 0.02974522673405056
0.031557485 0.030191950269449663
0.031642083 0.030636669448993233
0.03172668 0.031079101995746868
0.031811275 0.03151896353368045
0.031895872 0.03195596787983387
0.03198047 0.03238982734307137
0.032065067 0.03282025302900995
0.03214966 0.03324695515069022
0.03223426 0.033669643344541214
0.032318857 0.03408802699117425
0.032403454 0.03450181554052604
0.032488048 0.034910718840856676
0.032572646 0.03531444747109484
0.032657243 0.03571271307600998
0.03274184 0.03610522870367986
0.032826435 0.03649170914471147
0.032911032 0.03687187127266393
0.03299563 0.03724543438511412
0.033080228 0.03761212054479826
0.03316482 0.03797165492025742
0.03324942 0.03832376612540993
0.033334017 0.03866818655747054
0.033418614 0.039004652732633864
0.033503212 0.03933290561893892
0.033587806 0.03965269096573231
0.033672404 0.03996375962914859
0.033757 0.040265867893030285
0.0338416 0.040558777784713944
0.033926193 0.04084225738511411
0.03401079 0.04111608113254452
0.034095388 0.04138003011972383
0.034179986 0.04163389238342253
0.03426458 0.04187746318621902
0.034349177 0.0421105452898444
0.034433775 0.04233294921960896
0.034518372 0.042544493519417935
0.034602966 0.04274500499689962
0.034687564 0.04293431895818564
0.03477216 0.043112279431901324
0.03485676 0.0432787393819428
0.034941353 0.04343356090863748
0.03502595 0.0435766154379056
0.03511055 0.043707783898062166
0.035195146 0.04382695688392184
0.035279743 0.043934034807892104
0.035364337 0.044028928037765105
0.035448935 0.044111557020943215
0.035533533 0.04418185239485915
0.03561813 0.044239755083377616
0.035702724 0.04428521637899258
0.03578732 0.04431819801066109
0.03587192 0.044338672197142534
0.035956517 0.044346621685739926
0.03604111 0.044342039776368504
0.03612571 0.04432493033090452
0.036210306 0.04429530776779651
0.036294904 0.04425319704194933
0.036379497 0.04419863360991984
0.036464095 0.044131663380491945
0.036548693 0.04405234265072637
0.03663329 0.043960738027609095
0.036717884 0.043856926335449985
0.03680248 0.04374099450921027
0.03688708 0.043613039473964735
0.036971677 0.04347316801073095
0.03705627 0.04332149660892316
0.03714087 0.0431581513057146
0.037225466 0.04298326751261552
0.037310064 0.04279698982959889
0.03739466 0.04259947184712778
0.037479255 0.04239087593646151
0.037563853 0.04217137302863817
0.03764845 0.041941142382551255
0.03773305 0.04170037134255809
0.037817642 0.04144925508607527
0.03790224 0.0411879963616334
0.037986837 0.04091680521787994
0.038071435 0.04063589872403303
0.03815603 0.040345500682303415
0.038240626 0.040045841332813394
0.038325224 0.0397371570515534
0.03840982 0.03941969004192636
0.038494416 0.03909368802043844
0.038579013 0.03875940389710271
0.03866361 0.03841709545112772
0.03874821 0.038067025002467676
0.038832802 0.037709459079814864
0.0389174 0.03734466808561642
0.039001998 0.03697292595869875
0.039086595 0.036594509835082285
0.039171193 0.03620969970756759
0.039255787 0.03581877808467055
0.039340384 0.035422029649480484
0.039424982 0.035019740919009196
0.03950958 0.03461219990459248
0.039594173 0.03419969577389776
0.03967877 0.033782518515082204
0.03976337 0.03336095860363633
0.039847966 0.032935306672435966
0.03993256 0.03250585318551392
0.040017158 0.032072888116049615
0.040101755 0.03163670062906008
0.040186353 0.03119757876926164
0.040270947 0.03075580915455505
0.040355545 0.0303116766755705
0.040440142 0.02986546420169146
0.04052474 0.02941745229395821
0.040609334 0.02896791892523323
0.04069393 0.028517139207990972
0.04077853 0.02806538513007539
0.040863127 0.027612925298747287
0.040947724 0.02716002469332372
0.041032318 0.02670694442668992
0.041116916 0.02625394151594315
0.041201513 0.02580126866240603
0.04128611 0.025349174041225237
0.041370705 0.024897901100749093
0.041455302 0.024447688371856142
0.0415399 0.023998769287383936
0.041624498 0.023551372011785924
0.04170909 0.02310571928112193
0.04179369 0.022662028253465968
0.041878287 0.022220510369793684
0.041962884 0.021781371225390152
0.04204748 0.02134481045179769
0.042132076 0.020911021609302638
0.042216673 0.020480192089939765
0.04230127 0.020052503030972703
0.042385865 0.019628129238789795
0.042470463 0.01920723912313532
0.04255506 0.018789994641577972
0.042639658 0.01837655125410043
0.04272425 0.01796705788767667
0.04280885 0.01756165691068715
0.042893447 0.01716048411700596
0.042978045 0.016763668719578892
0.043062642 0.016371333353296883
0.043147236 0.01598359408695544
0.043231834 0.015600560444077729
0.04331643 0.015222335432366818
0.04340103 0.014849015581540984
0.043485623 0.014480690989295478
0.04357022 0.014117445375124249
0.043654818 0.013759356141726168
0.043739416 0.013406494443712029
0.04382401 0.013058925263321195
0.043908607 0.01271670749285035
0.043993205 0.012379894023490852
0.044077802 0.012048531840266469
0.044162396 0.011722662122758914
0.044246994 0.011402320351305447
0.04433159 0.01108753641835017
0.04441619 0.010778334744628824
0.044500783 0.010474734399865888
0.04458538 0.010176749227662521
0.04466998 0.00988438797425424
0.044754576 0.009597654420818322
0.044839174 0.009316547519012886
0.044923767 0.009041061529431802
0.045008365 0.008771186162662849
0.045092963 0.008506906722640198
0.04517756 0.008248204251986512
0.045262154 0.00799505567904479
0.04534675 0.007747433966305499
0.04543135 0.007505308259940315
0.045515947 0.007268644040160134
0.04560054 0.0070374032721217976
0.04568514 0.006811544557115118
0.045769736 0.00659102328376935
0.045854334 0.006375791779026167
0.045938928 0.006165799458634438
0.046023525 0.005960992976930546
0.046108123 0.0057613163756768705
0.04619272 0.005566711231739965
0.046277314 0.005377116803399224
0.046361912 0.005192470175086216
0.04644651 0.005012706400364314
0.046531107 0.004837758642968018
0.046615705 0.00466755831573091
0.0467003 0.004502035217241188
0.046784896 0.00434111766607332
0.046869494 0.004184732632454347
0.04695409 0.004032805867233119
0.047038686 0.0038852620280304877
0.047123283 0.0037420248024582427
0.04720788 0.0036030170283041577
0.04729248 0.0034681608105900405
0.047377072 0.0033373776354190905
0.04746167 0.0032105884805380502
0.047546268 0.0030877139225487992
0.047630865 0.002968674240712854
0.04771546 0.00285338951730101
0.047800057 0.0027417797344487975
0.047884654 0.0026337648674867238
0.047969252 0.0025292649747223027
0.048053846 0.00242820028365863
0.048138443 0.002330491273641818
0.04822304 0.0022360587549368313
0.04830764 0.002144823944238275
0.048392236 0.0020567085366293494
0.04847683 0.0019716347740086375
0.048561428 0.001889525510010451
0.048646025 0.0018103042714503565
0.048730623 0.0017338953163329321
0.048815217 0.001660223688464104
0.048899814 0.0015892152687152685
0.048984412 0.001520796822991037
0.04906901 0.0014548960469567527
0.049153604 0.001391441607585924
0.0492382 0.0013303631815914183
0.0493228 0.0012715914908076995
0.049407396 0.0012150583345944713
0.04949199 0.0011606966193349532
0.049576588 0.0011084403851045386
0.049661186 0.0010582248295878658
0.049745783 0.0010099863293243363
0.049830377 0.0009636624583638206
0.049914975 0.0009191920044158131
0.049999572 0.0008765149825764714
0.05008417 0.0008355726467190023
0.050168764 0.0007963074986335777
0.05025336 0.0007586632950034989
0.05033796 0.0007225850523046268
0.050422557 0.0006880190497152049
0.050507154 0.0006549128301230856
0.05059175 0.0006232151993170907
0.050676346 0.0005928762234487613
0.050760943 0.0005638472248501119
0.05084554 0.0005360807762921996
0.050930135 0.000509530693768362
0.051014733 0.0004841520278848839
0.05109933 0.00045990105394062055
0.051183928 0.0004367352607757472
0.05126852 0.0004146133384683455
0.05135312 0.00039349516495595547
0.051437717 0.0003733417916575539
0.051522315 0.00035411542816966987
0.05160691 0.00033577942610850327
0.051691506 0.00031829826216801414
0.051776104 0.00030163752046198064
0.0518607 0.0002857638742160018
0.051945295 0.00027064506687335724
0.052029893 0.0002562498926765262
0.05211449 0.0002425481767840353
0.052199088 0.00022951075498014146
0.052283686 0.00021710945303267615
0.05236828 0.00020531706575219004
0.052452877 0.00019410733580334022
0.052537475 0.0001834549323172652
0.052622072 0.00017333542935151045
0.052706666 0.00016372528424188213
0.052791264 0.00015460181588845186
0.05287586 0.0001459431830157922
0.05296046 0.00013772836244540794
0.053045053 0.00012993712741624083
0.05312965 0.00012255002598707547
0.05321425 0.000115548359552652
0.053298846 0.0001089141615033171
0.05338344 0.00010263017605610722
0.053468037 9.66798372832667e-05
0.053552635 9.104724836235959e-05
0.053637233 8.571716107033898e-05
0.053721827 8.067495554219204e-05
0.053806424 7.590662031308848e-05
0.05389102 7.139873266132031e-05
0.05397562 6.713843926773776e-05
0.054060217 6.311343720585875e-05
0.05414481 5.9311955275355565e-05
0.05422941 5.572273569021003e-05
0.054314006 5.233501613146861e-05
0.054398604 4.9138512173228704e-05
0.054483198 4.61234000892443e-05
0.054567795 4.3280300046351296e-05
0.054652393 4.0600259689783794e-05
0.05473699 3.8074738124377526e-05
0.054821584 3.5695590294638605e-05
0.054906182 3.345505176569089e-05
0.05499078 3.134572390620592e-05
0.055075377 2.936055947356114e-05
0.05515997 2.7492848600666987e-05
0.05524457 2.5736205183148594e-05
0.055329166 2.408455366486203e-05
0.055413764 2.2532116219068454e-05
0.055498358 2.1073400321978532e-05
0.055582955 1.9703186714815532e-05
0.055667553 1.841651775002434e-05
0.05575215 1.7208686116775833e-05
0.05583675 1.6075223940479415e-05
0.055921342 1.5011892250619344e-05
0.05600594 1.4014670810871384e-05
0.056090537 1.3079748305134518e-05
0.056175135 1.2203512872824625e-05
0.05625973 1.1382542986523949e-05
0.056344327 1.0613598664858306e-05
0.056428924 9.893613013282974e-06
0.05651352 9.219684085296078e-06
0.056598116 8.589067056463748e-06
0.056682713 7.999166703532867e-06
0.05676731 7.447530180823052e-06
0.05685191 6.931840086028902e-06
0.056936502 6.449907807524575e-06
0.0570211 5.999667145243946e-06
0.057105698 5.5791681972102976e-06
0.057190295 5.186571503807652e-06
0.05727489 4.82014244192077e-06
0.057359487 4.478245861120899e-06
0.057444084 4.15934095413869e-06
0.057528682 3.86197635394309e-06
0.057613276 3.5847854498341174e-06
0.057697874 3.3264819150575965e-06
0.05778247 3.0858554385599556e-06
0.05786707 2.861767653619867e-06
0.057951666 2.6531482562205066e-06
0.05803626 2.4589913061599818e-06
0.058120858 2.2783517040376826e-06
0.058205456 2.110341837399861e-06
0.058290053 1.954128389478041e-06
0.058374647 1.8089293041080818e-06
0.058459245 1.6740109005752867e-06
0.058543842 1.548685132291101e-06
0.05862844 1.432306983369267e-06
0.058713034 1.3242719973329656e-06
0.05879763 1.224013932349312e-06
0.05888223 1.1310025375526969e-06
0.058966827 1.044741445183765e-06
0.05905142 9.647661734356613e-07
0.05913602 8.906422350632478e-07
0.059220616 8.219633469739581e-07
0.059305213 7.583497361804103e-07
0.059389807 6.994465376546275e-07
0.059474405 6.449222797813795e-07
0.059559003 5.944674532635838e-07
0.0596436 5.477931594855616e-07
0.059728198 5.046298344901684e-07
0.05981279 4.647260448731292e-07
0.05989739 4.278473520422093e-07
0.059981987 3.937752414299779e-07
0.060066584 3.6230611338680554e-07
0.06015118 3.3325033261520975e-07
0.060235776 3.064313331377352e-07
0.060320374 2.8168477591807744e-07
0.06040497 2.588577563791523e-07
0.060489565 2.37808059182202e-07
0.060574163 2.1840345774780525e-07
0.06065876 2.0052105611281641e-07
0.060743358 1.8404667082679352e-07
0.060827952 1.6887425069739628e-07
0.06091255 1.5490533229657811e-07
0.060997147 1.4204852923816435e-07
0.061081745 1.3021905333267168e-07
0.06116634 1.1933826581699103e-07
0.061250936 1.0933325694490858e-07
0.061335534 1.0013645230941054e-07
0.06142013 9.168524434937943e-08
0.06150473 8.392164757170395e-08
0.061589323 7.679197609506068e-08
0.06167392 7.024654219375591e-08
0.06175852 6.423937458911373e-08
0.061843116 5.872795530204267e-08
0.06192771 5.367297394368102e-08
0.062012307 4.903809838149931e-08
0.062096905 4.478976077599921e-08
0.062181503 4.089695803828347e-08
0.062266096 3.733106581135681e-08
0.062350694 3.406566512814194e-08
0.06243529 3.107638094693489e-08
0.062519886 2.8340731810470306e-08
0.06260449 2.5837989917993032e-08
0.06268908 2.3549050940826766e-08
0.062773675 2.145631295096877e-08
0.062858276 1.9543563869302617e-08
0.06294287 1.7795876875186807e-08
0.06302747 1.619951325252166e-08
0.063112065 1.4741832178994839e-08
0.06319666 1.3411206995131347e-08
0.06328126 1.2196947518097606e-08
0.063365854 1.1089227992001345e-08
0.063450456 1.0079020291757041e-08
0.06353505 9.158032021517501e-09
0.06361964 8.318649171268671e-09
0.063704245 7.553883016509658e-09
0.06378884 6.857320966054312e-09
0.06387343 6.223081081949953e-09
0.063958034 5.6457700133728975e-09
0.06404263 5.120444103180008e-09
0.06412723 4.6425734416251084e-09
0.06421182 4.208008656637782e-09
0.06429642 3.812950244058859e-09
0.06438102 3.453920254377609e-09
0.06446561 3.127736164865285e-09
0.064550206 2.831486777590647e-09
0.06463481 2.5625099946764472e-09
0.0647194 2.318372332350652e-09
0.064804 2.096850044899715e-09
0.0648886 1.895911738579513e-09
0.06497319 1.7137023639163064e-09
0.06505779 1.5485284826681315e-09
0.065142386 1.3988447130470854e-09
0.06522699 1.2632412636547295e-09
0.06531158 1.140432472984044e-09
0.065396175 1.0292462773190838e-09
0.065480776 9.286145354424585e-10
0.06556537 8.375641437655806e-10
0.065649964 7.552088803495753e-10
0.065734565 6.807419208077155e-10
0.06581916 6.134289732934359e-10
0.06590376 5.526019837008996e-10
0.065988354 4.976533658558101e-10
0.06607295 4.480307148701622e-10
0.06615755 4.0323196499195926e-10
0.06624214 3.628009562151875e-10
0.06632674 3.263233766408584e-10
