u pdf
0.025230631 0.02272253396697486
0.025307529 0.02361330762851445
0.025384426 0.024533085205418765
0.025461324 0.02548254951350201
0.025538221 0.0264623886641974
0.025615118 0.027473295643124826
0.025692016 0.028515967868910877
0.025768913 0.02959110673222618
0.02584581 0.03069941711503681
0.025922708 0.031841606890100474
0.025999606 0.03301838640077267
0.026076503 0.034230467921223556
0.0261534 0.035478565097203256
0.026230298 0.036763392367530554
0.026307195 0.03808566436651852
0.026384093 0.03944609530758976
0.02646099 0.04084539834837442
0.026537888 0.042284284937624074
0.026614785 0.04376346414431678
0.026691683 0.045283641969369584
0.02676858 0.04684552064041824
0.026845476 0.04844979789016555
0.026922373 0.05009716621884344
0.02699927 0.051788312141377205
0.027076168 0.053523915419883494
0.027153065 0.055304648282177266
0.027229963 0.057131174627006384
0.02730686 0.059004149216775714
0.027383758 0.06092421685856554
0.027460655 0.06289201157429207
0.027537553 0.06490815576089969
0.02761445 0.06697325934151631
0.027691348 0.06908791890854413
0.027768245 0.07125271685969868
0.027845142 0.07346822052804729
0.02792204 0.07573498130713746
0.027998937 0.07805353377234227
0.028075835 0.08042439479958545
0.028152732 0.08284806268264402
0.02822963 0.08532501625025911
0.028306527 0.08785571398431631
0.028383425 0.0904405931403892
0.028460322 0.09308006887196345
0.02853722 0.0957745333596898
0.028614117 0.09852435494703453
0.028691014 0.10132987728372023
0.02876791 0.10419141847836828
0.028844807 0.1071092702617723
0.028921705 0.11008369716224727
0.028998602 0.11311493569451053
0.0290755 0.11620319356356218
0.029152397 0.11934864888503784
0.029229295 0.12255144942351397
0.029306192 0.12581171185024403
0.02938309 0.12912952102180697
0.029459987 0.13250492928114094
0.029536884 0.13593795578243123
0.029613782 0.13942858584131065
0.02969068 0.14297677031181566
0.029767577 0.14658242499152696
0.029844474 0.15024543005630353
0.029921371 0.15396562952599488
0.029998269 0.1577428307624925
0.030075166 0.1615768040014502
0.030152064 0.16546728191897286
0.030228961 0.1694139592345347
0.030305859 0.17341649235135326
0.030382756 0.17747449903539975
0.030459654 0.18158755813418287
0.030536551 0.18575520933639714
0.030613448 0.18997695297347064
0.030690344 0.19425224986399908
0.030767241 0.19858052120199043
0.030844139 0.20296114848978902
0.030921036 0.2073934735164828
0.030997934 0.21187679838253198
0.031074831 0.21641038557129205
0.031151729 0.22099345806803053
0.031228626 0.22562519952696722
0.031305525 0.23030475448678947
0.031382423 0.23503122863502174
0.03145932 0.2398036891215443
0.031536218 0.24462116492148
0.03161311 0.24948264724758193
0.03169001 0.2543870900121749
0.031766906 0.2593334103386131
0.031843804 0.26432048912213585
0.0319207 0.26934717163991106
0.0319976 0.2744122682099702
0.032074496 0.2795145548986504
0.032151394 0.28465277427606644
0.03222829 0.2898256362190502
0.03230519 0.2950318187609025
0.032382086 0.3002699689872143
0.032458983 0.305538703976922
0.03253588 0.310836611787679
0.03261278 0.3161622524845293
0.032689676 0.32151415921079046
0.032766573 0.32689083929996027
0.03284347 0.33229077542738056
0.032920368 0.33771242680030855
0.032997265 0.343154230384962
0.033074163 0.348614602169028
0.03315106 0.35409193845804643
0.033227958 0.359584617204004
0.033304855 0.36509099936440154
0.033381753 0.3706094302899902
0.03345865 0.3761382411393008
0.033535548 0.3816757503180303
0.033612445 0.3872202649412869
0.033689342 0.3927700823166363
0.03376624 0.3983234914458419
0.033843137 0.40387877454313637
0.033920035 0.4094342085678183
0.033996932 0.41498806676892674
0.03407383 0.4205386202397008
0.034150727 0.42608413947950724
0.034227625 0.43162289596087955
0.034304522 0.43715316369929236
0.03438142 0.4426732208232701
0.034458317 0.4481813511424142
0.034535214 0.45367584571091907
0.03461211 0.4591550043841433
0.03468901 0.4646171373657928
0.034765907 0.47006056674328167
0.034842804 0.4754836280088402
0.0349197 0.4808846715639487
0.0349966 0.4862620642046963
0.035073496 0.4916141905856826
0.035150394 0.4969394546601037
0.03522729 0.5022362810936999
0.03530419 0.5075031166502733
0.035381086 0.5127384315465217
0.03545798 0.5179407207739867
0.035534877 0.5231085053859568
0.035611775 0.5282403337472166
0.035688672 0.5333347827446024
0.03576557 0.5383904589563733
0.035842467 0.5434059997784794
0.035919365 0.5483800745058799
0.035996262 0.5533113853671319
0.03607316 0.558198668510553
0.036150057 0.5630406949403387
0.036226954 0.5678362714011018
0.03630385 0.5725842412093872
0.03638075 0.5772834850308074
0.036457647 0.5819329216015342
0.036534544 0.5865315083929831
0.03661144 0.5910782422186206
0.03668834 0.5955721597819297
0.036765236 0.6000123381646664
0.036842134 0.6043978952546546
0.03691903 0.6087279901124564
0.03699593 0.6130018232763851
0.037072826 0.6172186370054165
0.037149724 0.6213777154596769
0.03722662 0.6254783848182937
0.03730352 0.6295200133345035
0.037380416 0.6335020113280307
0.037457313 0.6374238311148523
0.03753421 0.6412849668745879
0.03761111 0.6450849544558669
0.037688006 0.6488233711200537
0.037764903 0.6524998352240924
0.0378418 0.6561140058428823
0.037918698 0.6596655823321682
0.037995595 0.663154303832749
0.038072493 0.6665799487170204
0.03814939 0.6699423339789463
0.038226288 0.6732413145686554
0.038303185 0.6764767826729664
0.038380083 0.6796486669432316
0.03845698 0.6827569316719897
0.038533878 0.6858015759199864
0.038610775 0.688782632595352
0.038687672 0.6917001674863839
0.03876457 0.694554278250176
0.038841467 0.697345093358702
0.038918365 0.7000727710044609
0.038995262 0.7027374979677272
0.03907216 0.7053394884475263
0.039149057 0.7078789828585281
0.039225955 0.7103562465961076
0.03930285 0.7127715687718718
0.039379746 0.7151252609220127
0.039456643 0.7174176556908819
0.03953354 0.7196491054922359
0.039610438 0.7218199811506258
0.039687335 0.7239306705254486
0.039764233 0.7259815771202025
0.03984113 0.7279731186795094
0.039918028 0.7299057257764916
0.039994925 0.7317798403930984
0.040071823 0.7335959144959971
0.04014872 0.7353544086106365
0.040225618 0.7370557903960991
0.040302515 0.7387005332233546
0.040379412 0.7402891147595086
0.04045631 0.7418220155606414
0.040533207 0.743299717675798
0.040610105 0.7447227032646797
0.040687002 0.7460914532315541
0.0407639 0.7474064458778671
0.040840797 0.7486681555760112
0.040917695 0.7498770514666562
0.040994592 0.7510335961820065
0.04107149 0.7521382445973026
0.041148387 0.7531914426128273
0.041225284 0.7541936259686216
0.04130218 0.7551452190940562
0.04137908 0.7560466339943384
0.041455977 0.7568982691759638
0.041532874 0.7577005086130415
0.04160977 0.7584537207564416
0.04168667 0.7591582575873397
0.041763566 0.759814453717146
0.041840464 0.7604226255352283
0.04191736 0.7609830704060503
0.04199426 0.7614960659171534
0.042071156 0.7619618691793337
0.042148054 0.7623807161802765
0.04222495 0.7627528211928049
0.04230185 0.7630783762388093
0.042378746 0.7633575506098172
0.042455643 0.7635904904450693
0.04253254 0.7637773183678518
0.04260944 0.7639181331807449
0.042686336 0.76401300962033
0.042763233 0.7640619981717949
0.04284013 0.7640651249437741
0.042917028 0.764022391603643
0.042993926 0.763933775373388
0.043070823 0.7637992290860526
0.043147717 0.7636186813026675
0.043224614 0.7633920364894451
0.04330151 0.7631191752549282
0.04337841 0.7627999546466646
0.043455306 0.762434208506874
0.043532204 0.7620217478864716
0.0436091 0.7615623615167032
0.043686 0.7610558163375473
0.043762896 0.7605018580819322
0.043839794 0.7599002119147206
0.04391669 0.759250583125315
0.04399359 0.7585526578726353
0.044070486 0.757806103981129
0.044147383 0.757010571786401
0.04422428 0.75616569502885
0.04430118 0.7552710917939165
0.044378076 0.7543263654969652
0.044454973 0.7533311059112376
0.04453187 0.7522848902369371
0.044608768 0.7511872842095267
0.044685666 0.7500378432452453
0.044762563 0.7488361136217593
0.04483946 0.7475816336918261
0.044916358 0.7462739351277652
0.044993255 0.744912544194483
0.045070153 0.7434969830487457
0.04514705 0.7420267710623382
0.045223948 0.7405014261667106
0.045300845 0.7389204662166629
0.045377742 0.7372834103705908
0.04545464 0.7355897804847744
0.045531537 0.7338391025191716
0.045608435 0.7320309079521472
0.045685332 0.7301647352015582
0.04576223 0.7282401310495886
0.045839127 0.7262566520687328
0.045916025 0.724213866046309
0.045992922 0.7221113534048897
0.04606982 0.7199487086160409
0.046146717 0.7177255416047663
0.046223614 0.7154414791420732
0.04630051 0.7130961662230889
0.04637741 0.710689267428183
0.046454307 0.7082204682645776
0.046531204 0.7056894764859629
0.0466081 0.7030960233876646
0.046685 0.7004398650749637
0.046761896 0.697720783702198
0.046838794 0.6949385886803473
0.046915688 0.6920931178508309
0.046992585 0.689184238623335
0.047069483 0.6862118490755247
0.04714638 0.6831758790125751
0.047223277 0.6800762909845479
0.047300175 0.6769130812595636
0.047377072 0.6736862807512315
0.04745397 0.6703959558981651
0.047530867 0.6670422094942127
0.047607765 0.6636251814676802
0.047684662 0.6601450496080795
0.04776156 0.6566020302389798
0.047838457 0.6529963788356633
0.047915354 0.649328390586364
0.04799225 0.6455984008959819
0.04806915 0.6418067858312498
0.048146047 0.6379539625065285
0.048222944 0.6340403894092286
0.04829984 0.6300665666644457
0.04837674 0.6260330362380174
0.048453636 0.6219403820776163
0.048530534 0.6177892301915083
0.04860743 0.6135802486647207
0.04868433 0.6093141476124931
0.048761226 0.6049916790709796
0.048838124 0.6006136368252911
0.04891502 0.5961808561750812
0.04899192 0.5916942136379796
0.049068816 0.587154626591298
0.049145713 0.5825630528525372
0.04922261 0.5779204901993323
0.04929951 0.5732279758295815
0.049376406 0.5684865857626082
0.049453303 0.5636974341823092
0.0495302 0.5588616727233432
0.049607098 0.5539804897015107
0.049683996 0.549055109289578
0.049760893 0.5440867906398855
0.04983779 0.5390768269551756
0.049914688 0.5340265445091603
0.049991585 0.5289373016184402
0.050068483 0.5238104875674541
0.05014538 0.5186475214882348
0.050222278 0.5134498511968029
0.050299175 0.508218951988114
0.050376073 0.5029563253915333
0.05045297 0.49766349788887787
0.050529867 0.492342019597121
0.050606765 0.4869934629179146
0.050683662 0.4816194211561237
0.050760556 0.4762215071096225
0.050837453 0.47080135163263603
0.05091435 0.4653606021749485
0.05099125 0.4599009212993303
0.051068146 0.4544239851795656
0.051145043 0.44893148208147465
0.05122194 0.44342511082935493
0.051298838 0.4379065792602655
0.051375736 0.43237760266859315
0.051452633 0.42683990224334056
0.05152953 0.4212952035005699
0.051606428 0.4157452347134357
0.051683325 0.41019172534222376
0.051760223 0.4046364044667974
0.05183712 0.399080999223835
0.051914018 0.39352723325121286
0.051990915 0.38797682514186266
0.052067813 0.3824314869093924
0.05214471 0.3768929224677316
0.052221607 0.3713628261270084
0.052298505 0.36584288110782787
0.052375402 0.3603347580760684
0.0524523 0.35484011370025925
0.052529197 0.3493605892335449
0.052606095 0.3438978091221846
0.052682992 0.33845337964246675
0.05275989 0.33302888756785504
0.052836787 0.3276258988681139
0.052913684 0.32224595744208373
0.05299058 0.31689058388570973
0.05306748 0.31156127429684155
0.053144377 0.3062594991182509
0.053221274 0.30098670202022626
0.05329817 0.29574429882402464
0.05337507 0.2905336764673743
0.053451966 0.28535619201313767
0.053528864 0.2802131717021556
0.05360576 0.2751059100512066
0.05368266 0.27003566899692705
0.053759556 0.26500367708644734
0.053836454 0.26001112871541077
0.05391335 0.2550591834139525
0.05399025 0.25014896518112445
0.054067146 0.24528156186816488
0.054144043 0.24045802461092122
0.05422094 0.23567936731164596
0.05429784 0.23094656617029954
0.054374736 0.22626055926540548
0.054451633 0.2216222461844197
0.05452853 0.21703248770348962
0.054605424 0.21249210551639883
0.05468232 0.20800188201240902
0.05475922 0.20356256010263474
0.054836117 0.1991748430945069
0.054913014 0.19483939461380664
0.05498991 0.19055683857367994
0.05506681 0.18632775918996886
0.055143707 0.18215270104213102
0.055220604 0.17803216917895137
0.0552975 0.17396662926818743
0.0553744 0.16995650778922902
0.055451296 0.16600219226779683
0.055528194 0.16210403155164826
0.05560509 0.15826233612620924
0.05568199 0.1544773784690003
0.055758886 0.15074939344168128
0.055835783 0.14707857871849536
0.05591268 0.14346509524985607
0.05598958 0.13990906775978187
0.056066476 0.1364105852758532
0.056143373 0.13296970169033512
0.05622027 0.12958643635108344
0.056297168 0.12626077468082858
0.056374066 0.12299266882341134
0.056450963 0.11978203831552886
0.05652786 0.11662877078253357
0.056604758 0.11353272265681946
0.056681655 0.11049371991732046
0.056758553 0.1075115588486431
0.05683545 0.10458600681835205
0.056912348 0.1017168030709308
0.056989245 0.09890365953694155
0.057066143 0.09614626165591673
0.05714304 0.0934442692115243
0.057219937 0.09079731717755969
0.057296835 0.0882050165733342
0.057373732 0.08566695532704424
0.05745063 0.0831826991457273
0.057527527 0.08075179239043175
0.057604425 0.07837375895524983
0.057681322 0.07604810314889165
0.05775822 0.07377431057750357
0.057835117 0.07155184902746498
0.057912014 0.06938016934692824
0.057988912 0.0672587063249002
0.05806581 0.06518687956669664
0.058142707 0.06316409436463857
0.058219604 0.061189742562894195
0.0582965 0.05926320341541047
0.058373395 0.057383844435915474
0.058450293 0.05555102223901443
0.05852719 0.05376408337144195
0.058604088 0.05202236513257506
0.058680985 0.050325196383353865
0.058757883 0.04867189834279878
0.05883478 0.04706178537135689
0.058911677 0.045494165740352636
0.058988575 0.043968342386861814
0.059065472 0.04248361365337125
0.05914237 0.04103927401162995
0.059219267 0.0396346147701407
0.059296165 0.0382689247647847
0.059373062 0.036941491032113735
0.05944996 0.035651599464887954
0.059526857 0.034398535449478296
0.059603754 0.03318158448479447
0.059680652 0.03200003278244035
0.05975755 0.030853167847838356
0.059834447 0.029740279042104117
0.059911344 0.028660658124491124
0.05998824 0.027613599775262718
0.06006514 0.026598402098885705
0.060142037 0.02561436710747555
0.060218934 0.02466080118445786
0.06029583 0.023737015528444642
0.06037273 0.02284232657735654
0.060449626 0.021976056412853502
0.060526524 0.021137533145166712
0.06060342 0.020326091278453993
0.06068032 0.019541072056828323
0.060757216 0.018781823791236406
0.060834114 0.01804770216738891
0.06091101 0.017338070534968903
0.06098791 0.016652300178367375
0.061064806 0.015989770569216615
0.061141703 0.01534986960101251
0.0612186 0.014731993806135824
0.0612955 0.014135548555600532
0.061372396 0.013559948241873449
0.061449293 0.01300461644512517
0.06152619 0.012468986083285876
0.061603088 0.011952499546292858
0.061679985 0.011454608814927754
0.061756883 0.010974775564652367
0.06183378 0.010512471254860848
0.061910678 0.010067177203974336
0.061987575 0.009638384650811075
0.062064473 0.009225594802670937
0.06214137 0.008828318870578193
0.062218264 0.008446078092130131
0.06229516 0.008078403742401976
0.06237206 0.007724837133360422
0.062448956 0.007384929602239062
0.06252585 0.007058242489328941
0.06260275 0.006744347105636769
0.06267965 0.006442824690861535
0.062756546 0.006153266362138004
0.06283344 0.005875273053992222
0.06291034 0.005608455449950373
0.06298724 0.005352433906237774
0.063064136 0.005106838367999478
0.06314103 0.004871308278468316
0.06321793 0.004645492481499667
0.06329483 0.004429049117885527
0.063371725 0.00422164551585295
0.06344862 0.004022958076144176
0.06352552 0.0038326721520674806
0.06360242 0.003650481924899217
0.063679315 0.003476090275008511
0.06375621 0.0033092086490668035
0.06383311 0.0031495569236949334
0.06391001 0.0029968632658906166
0.063986905 0.0028508639905691835
0.0640638 0.002711303415540283
0.0641407 0.002577933714232899
0.0642176 0.002450514766470586
0.064294495 0.002328814007588272
0.06437139 0.002212606276171373
0.06444829 0.002101673660687298
0.06452519 0.001995805345268756
0.064602084 0.0018947974548976048
