u pdf
0.023013216 0.0028948951255056998
0.023097813 0.00309066467167794
0.023182409 0.003298681767402505
0.023267007 0.0035196418835655493
0.023351602 0.003754275208593406
0.0234362 0.004003348077537549
0.023520796 0.004267664441612857
0.023605393 0.0045480673782372395
0.023689989 0.004845440641541774
0.023774587 0.005160710253236836
0.023859182 0.005494846133630995
0.02394378 0.005848863772505887
0.024028376 0.006223825939451482
0.024112973 0.006620844433162501
0.024197571 0.0070410818690876485
0.024282167 0.007485753504709467
0.024366764 0.007956129101613163
0.02445136 0.008453534823378604
0.024535958 0.008979355168200016
0.024620553 0.009535034935003498
0.024705151 0.010122081221692806
0.024789747 0.010742065454009419
0.024874344 0.011396625443343494
0.02495894 0.01208746747167838
0.025043538 0.01281636840169262
0.025128134 0.01358517780988051
0.025212731 0.014395820140384838
0.025297327 0.015250296877064369
0.025381925 0.016150688731143517
0.02546652 0.01709915784161307
0.025551118 0.018097949985369097
0.025635714 0.019149396793892447
0.025720311 0.020255917973083886
0.025804907 0.02142002352268042
0.025889505 0.022644315951486825
0.025974102 0.02393149248446388
0.026058698 0.025284347257520455
0.026143296 0.02670577349566269
0.026227891 0.028198765669959013
0.026312489 0.029766421628585362
0.026397085 0.03141194469702305
0.026481682 0.033138645742289
0.026566278 0.03494994519589054
0.026650876 0.036849375030009235
0.026735472 0.038840580681236275
0.02682007 0.04092732291600283
0.026904665 0.04311347963167487
0.026989263 0.045403047587113485
0.027073858 0.04780014405633957
0.027158456 0.0503090083987866
0.027243052 0.05293400353947734
0.02732765 0.05567961735232181
0.027412245 0.0585504639396036
0.027496843 0.061551284800602346
0.027581438 0.06468694988219106
0.027666036 0.06796245850415018
0.027750632 0.07138294015185534
0.02783523 0.07495365512892443
0.027919827 0.07867999506235306
0.028004423 0.08256748325262327
0.02808902 0.08662177486124656
0.028173616 0.09084865692818907
0.028258214 0.09525404821163613
0.02834281 0.09984399884257707
0.028427407 0.10462468978673538
0.028512003 0.10960243210643268
0.0285966 0.11478366601505749
0.028681196 0.12017495971691484
0.028765794 0.125783008025357
0.02885039 0.13161463075224347
0.028934987 0.1376767708619481
0.029019583 0.14397649238332333
0.02910418 0.15052097807324855
0.029188776 0.1573175268256274
0.029273374 0.16437355081996544
0.02935797 0.17169657240394437
0.029442567 0.17929422070472553
0.029527163 0.18717422796404884
0.02961176 0.19534442559255846
0.029696358 0.20381273993917193
0.029780954 0.21258718777172098
0.029865552 0.22167587146552883
0.029950147 0.23108697389704902
0.030034745 0.24082875304017434
0.03011934 0.2509095362633322
0.030203938 0.26133771432601594
0.030288534 0.27212173507395016
0.030373132 0.2832700968326679
0.030457728 0.29479134149987074
0.030542325 0.3066940473375604
0.030626921 0.31898682146556434
0.030711519 0.33167829205873334
0.030796114 0.3447771002507587
0.030880712 0.35829189174824233
0.030965308 0.37223130815935607
0.031049905 0.3866039780421375
0.031134501 0.40141850767819903
0.031219099 0.41668347157835833
0.031303696 0.4324074027274449
0.03138829 0.44859878257628866
0.031472888 0.46526603078964734
0.031557485 0.4824174947595941
0.031642083 0.5000614388946388
0.03172668 0.5182060336956199
0.031811275 0.5368593446301553
0.031895872 0.5560293208181909
0.03198047 0.5757237835419241
0.032065067 0.5959504145941181
0.03214966 0.6167167444795331
0.03223426 0.6380301404849137
0.032318857 0.6598977946336535
0.032403454 0.68232671154193
0.032488048 0.7053236961937519
0.032572646 0.7288953416529774
0.032657243 0.7530480167309676
0.03274184 0.7777878536291005
0.032826435 0.80312073557591
0.032911032 0.8290522844791218
0.03299563 0.8555878486133189
0.033080228 0.8827324903644063
0.03316482 0.9104909740524324
0.03324942 0.9388677538546673
0.033334017 0.9678669618511531
0.033418614 0.9974923962151874
0.033503212 1.02774750957142
0.033587806 1.0586353975443932
0.033672404 1.0901587875204783
0.033757 1.1223200276461998
0.0338416 1.155121076085957
0.033926193 1.188563490562085
0.03401079 1.2226484182000958
0.034095388 1.2573765857017682
0.034179986 1.2927482898685234
0.03426458 1.3287633884972567
0.034349177 1.3654212916704183
0.034433775 1.4027209534617666
0.034518372 1.4406608640787242
0.034602966 1.4792390424617656
0.034687564 1.5184530293606526
0.03477216 1.5582998809067286
0.03485676 1.5987761626997403
0.034941353 1.63987794442693
0.03502595 1.6816007950313012
0.03511055 1.7239397784451045
0.035195146 1.7668894499036611
0.035279743 1.8104438528536575
0.035364337 1.854596516469031
0.035448935 1.8993404537864718
0.035533533 1.944668160471467
0.03561813 1.9905716142246208
0.035702724 2.0370422748368116
0.03578732 2.084071084900454
0.03587192 2.131648471182912
0.035956517 2.179764346666745
0.03604111 2.228408113260158
0.03612571 2.2775686651796514
0.036210306 2.327234393005468
0.036294904 2.3773931884090476
0.036379497 2.4280324495502636
0.036464095 2.479139087140777
0.036548693 2.530699531168428
0.03663329 2.5826997382761308
0.036717884 2.6351251997872813
0.03680248 2.6879609503682964
0.03688708 2.7411915773174385
0.036971677 2.794801230467691
0.03705627 2.848773632690062
0.03714087 2.9030920909823266
0.037225466 2.957739508126857
0.037310064 3.0126983948999277
0.03739466 3.067950882813563
0.037479255 3.1234787373698047
0.037563853 3.1792633718060515
0.03764845 3.2352858613090127
0.03773305 3.2915269576737334
0.037817642 3.3479671043830797
0.03790224 3.4045864520821447
0.037986837 3.4613648744211067
0.038071435 3.5182819842392163
0.03815603 3.575317150061848
0.038240626 3.6324495128818035
0.038325224 3.689658003195477
0.03840982 3.746921358263896
0.038494416 3.8042181395682153
0.038579013 3.8615267504288346
0.03866361 3.918825453756986
0.03874821 3.9760923899074734
0.038832802 4.0333055946010345
0.0389174 4.090443016884797
0.039001998 4.1474825370993305
0.039086595 4.204401984820896
0.039171193 4.261179156747731
0.039255787 4.317791834499513
0.039340384 4.374217802299497
0.039424982 4.430434864509329
0.03950958 4.486420862987085
0.039594173 4.542153694239727
0.03967877 4.597611326341863
0.03976337 4.652771815593565
0.039847966 4.707613322890801
0.03993256 4.762114129783058
0.040017158 4.816252654193702
0.040101755 4.870007465779787
0.040186353 4.923357300909089
0.040270947 4.97628107723346
0.040355545 5.028757907838833
0.040440142 5.08076711495352
0.04052474 5.132288243197876
0.040609334 5.183301072359807
0.04069393 5.233785629682053
0.04077853 5.283722201648735
0.040863127 5.33309134526011
0.040947724 5.381873898786122
0.041032318 5.43005099199085
0.041116916 5.477604055821592
0.041201513 5.524514831557916
0.04128611 5.570765379417602
0.041370705 5.61633808661804
0.041455302 5.66121567489321
0.0415399 5.70538120746799
0.041624498 5.748818095493106
0.04170909 5.791510103945538
0.04179369 5.833441357000799
0.041878287 5.874596342884905
0.041962884 5.914959918215338
0.04204748 5.95451731184174
0.042132076 5.993254128198309
0.042216673 6.031156350181357
0.04230127 6.068210341566491
0.042385865 6.104402848981329
0.042470463 6.139721003450472
0.04255506 6.174152321530812
0.042639658 6.207684706055926
0.04272425 6.240306446509415
0.04280885 6.272006219047734
0.042893447 6.302773086193837
0.042978045 6.332596496223577
0.043062642 6.36146628226734
0.043147236 6.389372661149937
0.043231834 6.416306231991984
0.04331643 6.442257974596479
0.04340103 6.4672192476442705
0.043485623 6.491181786722396
0.04357022 6.514137702209066
0.043654818 6.536079477039151
0.043739416 6.556999964373706
0.04382401 6.576892385196852
0.043908607 6.595750325862957
0.043993205 6.613567735616535
0.044077802 6.630338924106809
0.044162396 6.6460585589181775
0.044246994 6.660721663137174
0.04433159 6.674323612975595
0.04441619 6.68686013546874
0.044500783 6.698327306266618
0.04458538 6.7087215475350614
0.04466998 6.71803962598251
0.044754576 6.72627865102714
0.044839174 6.733436073117812
0.044923767 6.739509682220981
0.045008365 6.744497606484491
0.045092963 6.748398311087796
0.04517756 6.75121059728673
0.045262154 6.752933601659588
0.04534675 6.75356679555981
0.04543135 6.753109984779108
0.045515947 6.751563309423345
0.04560054 6.748927244002091
0.04568514 6.745202597731199
0.045769736 6.740390515046286
0.045854334 6.734492476323546
0.045938928 6.727510298802805
0.046023525 6.719446137706349
0.046108123 6.710302487545569
0.04619272 6.700082183606128
0.046277314 6.688788403600948
0.046361912 6.67642466947908
0.04644651 6.662994849377156
0.046531107 6.6485031596989925
0.046615705 6.63295416730771
0.0467003 6.6163527918136475
0.046784896 6.598704307940327
0.046869494 6.58001434794972
0.04695409 6.5602889041072485
0.047038686 6.539534331166092
0.047123283 6.517757348849585
0.04720788 6.494965044309997
0.04729248 6.471164874541222
0.047377072 6.446364668722571
0.04746167 6.420572630470432
0.047546268 6.393797339974197
0.047630865 6.36604775599278
0.04771546 6.337333217687779
0.047800057 6.307663446269467
0.047884654 6.2770485464317565
0.047969252 6.245499007552515
0.048053846 6.213025704635845
0.048138443 6.179639898973304
0.04822304 6.145353238501483
0.04830764 6.110177757833909
0.048392236 6.074125877945854
0.04847683 6.037210405491321
0.048561428 5.999444531732339
0.048646025 5.960841831061481
0.048730623 5.921416259099587
0.048815217 5.881182150351564
0.048899814 5.840154215404377
0.048984412 5.798347537652417
0.04906901 5.755777569536683
0.049153604 5.712460128285536
0.0492382 5.668411391146086
0.0493228 5.623647890096681
0.049407396 5.578186506032445
0.04949199 5.532044462417178
0.049576588 5.485239318396624
0.049661186 5.437788961369432
0.049745783 5.389711599013938
0.049830377 5.341025750770271
0.049914975 5.291750238779023
0.049999572 5.241904178279295
0.05008417 5.191506967470477
0.050168764 5.140578276843848
0.05025336 5.089138037991545
0.05033796 5.037206431902146
0.050422557 4.984803876753592
0.050507154 4.931951015215783
0.05059175 4.878668701276622
0.050676346 4.824977986606821
0.050760943 4.770900106480172
0.05084554 4.716456465267404
0.050930135 4.66166862152307
0.051014733 4.606558272686224
0.05109933 4.551147239416845
0.051183928 4.495457449591171
0.05126852 4.439510921980173
0.05135312 4.383329749636491
0.051437717 4.326936083016061
0.051522315 4.2703521128615956
0.05160691 4.2136000528758775
0.051691506 4.156702122213572
0.051776104 4.0996805278209
0.0518607 4.0425574466531184
0.051945295 3.9853550078001874
0.052029893 3.928095274551477
0.05211449 3.8708002264306067
0.052199088 3.8134917412317795
0.052283686 3.7561915770891243
0.05236828 3.6989213546105466
0.052452877 3.641702539107647
0.052537475 3.5845564229530384
0.052622072 3.5275041080962866
0.052706666 3.4705664887693173
0.052791264 3.4137642344118215
0.05287586 3.357117772846695
0.05296046 3.3006472737350245
0.053045053 3.244372632339506
0.05312965 3.1883134536245223
0.05321425 3.132489036720289
0.053298846 3.076918359777698
0.05338344 3.0216200652395746
0.053468037 2.966612445553063
0.053552635 2.9119134293469036
0.053637233 2.8575405680962263
0.053721827 2.803511023296377
0.053806424 2.7498415541661325
0.05389102 2.6965485058993806
0.05397562 2.64364779848316
0.054060217 2.5911549160985614
0.05414481 2.5390848971197255
0.05422941 2.487452324724788
0.054314006 2.436271318131224
0.054398604 2.385555524466656
0.054483198 2.3353181112847645
0.054567795 2.2855717597345033
0.054652393 2.2363286583893864
0.05473699 2.187600497742176
0.054821584 2.1393984653688567
0.054906182 2.091733241764344
0.05499078 2.04461499685097
0.055075377 1.9980533871593533
0.05515997 1.952057553679892
0.05524457 1.9066361203817277
0.055329166 1.8617971933946984
0.055413764 1.8175483608484817
0.055498358 1.7738966933618159
0.055582955 1.7308487451734802
0.055667553 1.6884105559054625
0.05575215 1.646587652947597
0.05583675 1.6053850544518062
0.055921342 1.5648072729230118
0.05600594 1.524858319392738
0.056090537 1.485541708160444
0.056175135 1.4468604620866872
0.05625973 1.4088171184213503
0.056344327 1.3714137351493196
0.056428924 1.3346518978352588
0.05651352 1.2985327269483857
0.056598116 1.263056885647529
0.056682713 1.22822458800613
0.05676731 1.1940356076563337
0.05685191 1.1604892868308316
0.056936502 1.1275845457807079
0.0570211 1.0953198925471792
0.057105698 1.0636934330648338
0.057190295 1.0327028815737282
0.05727489 1.0023455713175342
0.057359487 0.9726184655047941
0.057444084 0.9435181685102945
0.057528682 0.9150409372935495
0.057613276 0.8871826930114401
0.057697874 0.8599390328021482
0.05778247 0.8333052417176842
0.05786707 0.8072763047825009
0.057951666 0.781846919155945
0.05803626 0.7570115063765828
0.058120858 0.7327642246667888
0.058205456 0.7090989812763644
0.058290053 0.6860094448443735
0.058374647 0.6634890577588534
0.058459245 0.6415310484945471
0.058543842 0.6201284439093463
0.05862844 0.599274081480684
0.058713034 0.5789606214637205
0.05879763 0.5591805589537794
0.05888223 0.5399262358361339
0.058966827 0.52118985260691
0.05905142 0.5029634800495613
0.05913602 0.48523907075206374
0.059220616 0.4680084704507094
0.059305213 0.4512634291870934
0.059389807 0.4349956122656393
0.059474405 0.41919661099975086
0.059559003 0.4038579532354335
0.0596436 0.3889711136419848
0.059728198 0.3745275237601166
0.05981279 0.360518581798621
0.05989739 0.34693566217145916
0.059981987 0.33377012476789497
0.060066584 0.3210133239490439
0.06015118 0.30865661726494414
0.060235776 0.29669137388698547
0.060320374 0.28510898275124397
0.06040497 0.2739008604089784
0.060489565 0.26305845858122806
0.060574163 0.25257327141513053
0.06065876 0.24243684244022834
0.060743358 0.23264077122367657
0.060827952 0.22317671972388167
0.06091255 0.21403641834269888
0.060997147 0.2052116716768974
0.061081745 0.19669436397015655
0.06116634 0.18847646426739306
0.061250936 0.18055003127372884
0.061335534 0.17290721792089805
0.06142013 0.1655402756443564
0.06150473 0.15844155837479465
0.061589323 0.15160352624817505
0.06167392 0.14501874903879883
0.06175852 0.13867990932028093
0.061843116 0.13257980535964728
0.06192771 0.1267113537500879
0.062012307 0.12106759178819199
0.062096905 0.11564167960175634
0.062181503 0.11042690203450495
0.062266096 0.10541667029427546
0.062350694 0.10060452337142514
0.06243529 0.09598412923438267
0.062519886 0.09154928580942263
0.06260449 0.08729392175186833
0.06268908 0.08321209701603619
0.062773675 0.0792980032313211
0.062858276 0.07554596389188961
0.06294287 0.07195043436749259
0.06302747 0.0685060017429395
0.063112065 0.06520738449378426
0.06319666 0.06204943200576647
0.06328126 0.05902712394552681
0.063365854 0.05613556949007672
0.063450456 0.05337000642244627
0.06353505 0.050725800100865796
0.06361964 0.0481984423087542
0.063704245 0.0457835499926918
0.06378884 0.04347686389544789
0.06387343 0.041274247091016354
0.063958034 0.03917168342848361
0.06404263 0.03716527589141587
0.06412723 0.035251244879306774
0.06421182 0.033425926417471954
0.06429642 0.031685770301616005
0.06438102 0.030027338183130546
0.06446561 0.028447301601007835
0.064550206 0.02694243996607712
0.06463481 0.02550963850308866
0.0647194 0.024145886155984213
0.064804 0.022848273461504216
0.0648886 0.02161399039609099
0.06497319 0.020440324200854624
0.06505779 0.019324657189174067
0.065142386 0.018264464541312038
0.06522699 0.017257312090227715
0.06531158 0.016300854102577138
0.065396175 0.015392831058698438
0.065480776 0.014531067435187148
0.06556537 0.013713469493477183
0.065649964 0.012938023077655058
0.065734565 0.01220279142455009
0.06581916 0.011505912988960842
0.06590376 0.010845599286698973
0.065988354 0.01022013275795615
0.06607295 0.009627864653327722
0.06615755 0.00906721294465889
0.06624214 0.008536660262715568
0.06632674 0.008034751863522628
