u pdf
0.023013216 0.021863605472550812
0.023097813 0.023174811194925544
0.023182409 0.024556941240164217
0.023267007 0.026013331846536966
0.023351602 0.027547445658536392
0.0234362 0.029162874747462823
0.023520796 0.030863343601552542
0.023605393 0.03265271207805789
0.023689989 0.03453497830932707
0.023774587 0.03651428155457206
0.023859182 0.038594904988650564
0.02394378 0.04078127841883089
0.024028376 0.04307798092015111
0.024112973 0.04548974337963164
0.024197571 0.04802145093925346
0.024282167 0.050678145327271766
0.024366764 0.05346502706710377
0.02445136 0.056387457552702115
0.024535958 0.05945096097901451
0.024620553 0.06266122611582654
0.024705151 0.06602410791299798
0.024789747 0.06954562892482875
0.024874344 0.07323198054103539
0.02495894 0.07708952401158169
0.025043538 0.0811247912523887
0.025128134 0.0853444854187532
0.025212731 0.08975548123313465
0.025297327 0.09436482505381927
0.025381925 0.09917973467085431
0.02546652 0.10420759881555199
0.025551118 0.10945597636980382
0.025635714 0.11493259526141691
0.025720311 0.1206453510316914
0.025804907 0.12660230506149744
0.025889505 0.132811682442193
0.025974102 0.13928186947783883
0.026058698 0.1460214108053285
0.026143296 0.15303900611925095
0.026227891 0.1603435064885505
0.026312489 0.16794391025233668
0.026397085 0.17584935848253655
0.026481682 0.1840691300014641
0.026566278 0.19261263594281675
0.026650876 0.20148941384509275
0.026735472 0.2107091212669579
0.02682007 0.22028152891467673
0.026904665 0.23021651327236228
0.026989263 0.2405240487264948
0.027073858 0.25121419917689874
0.027158456 0.26229710912717685
0.027243052 0.2737829942484464
0.02732765 0.2856821314111362
0.027412245 0.29800484818056266
0.027496843 0.3107615117730208
0.027581438 0.32396251747019045
0.027666036 0.3376182764907859
0.027750632 0.351739203319539
0.02783523 0.36633570249483705
0.027919827 0.38141815485759917
0.028004423 0.3969969032652962
0.02808902 0.41308223777637937
0.028173616 0.42968438031178835
0.028258214 0.4468134688016554
0.02834281 0.46447954082680404
0.028427407 0.4826925167661655
0.028512003 0.501462182462781
0.0285966 0.5207981714226455
0.028681196 0.5407099465622519
0.028765794 0.5612067815223304
0.02885039 0.5822977415669143
0.028934987 0.6039916640885455
0.029019583 0.6262971387420848
0.02910418 0.6492224872312902
0.029188776 0.6727757427739944
0.029273374 0.6969646292733984
0.02935797 0.7217965402246583
0.029442567 0.7472785173876076
0.029527163 0.7734172292580884
0.02961176 0.8002189493719729
0.029696358 0.8276895344775499
0.029780954 0.8558344026134911
0.029865552 0.8846585111311186
0.029950147 0.914166334701158
0.030034745 0.9443618433465675
0.03011934 0.9752484805443793
0.030203938 1.0068291414407835
0.030288534 1.0391061512248843
0.030373132 1.0720812437077145
0.030457728 1.1057555401541375
0.030542325 1.1401295284162458
0.030626921 1.1752030424177327
0.030711519 1.2109752420395068
0.030796114 1.2474445934574738
0.030880712 1.2846088499839994
0.030965308 1.3224650334649983
0.031049905 1.3610094162849453
0.031134501 1.4002375040322972
0.031219099 1.4401440188779229
0.031303696 1.4807228837190545
0.03138829 1.5219672071411283
0.031472888 1.5638692692495293
0.031557485 1.6064205084228076
0.031642083 1.6496115090383239
0.03172668 1.6934319902205166
0.031811275 1.7378707956610937
0.031895872 1.7829158845593909
0.03198047 1.8285543237299289
0.032065067 1.8747722809228549
0.03214966 1.9215550194014512
0.03223426 1.968886893819206
0.032318857 2.0167513474371663
0.032403454 2.0651309107203133
0.032488048 2.114007201349599
0.032572646 2.1633609256840276
0.032657243 2.2131718817047807
0.03274184 2.263418963470843
0.032826435 2.3140801671129223
0.032911032 2.3651325983896645
0.03299563 2.4165524818272273
0.033080228 2.468315171460257
0.03316482 2.5203951631891286
0.03324942 2.5727661087650704
0.033334017 2.625400831411415
0.033418614 2.678271343085758
0.033503212 2.731348863384292
0.033587806 2.7846038400859183
0.033672404 2.838005971330087
0.033757 2.891524229418571
0.0338416 2.945126886227554
0.033926193 2.998781540212606
0.03401079 3.0524551449852484
0.034095388 3.1061140394359197
0.034179986 3.159723979374271
0.03426458 3.2132501706538266
0.034349177 3.2666573037441795
0.034433775 3.319909589710021
0.034518372 3.3729707975525174
0.034602966 3.4258042928647705
0.034687564 3.4783730777493798
0.03477216 3.5306398319425214
0.03485676 3.5825669550853765
0.034941353 3.634116610080298
0.03502595 3.6852507674657717
0.03511055 3.735931250740945
0.035195146 3.78611978256744
0.035279743 3.8357780317731667
0.035364337 3.8848676610800346
0.035448935 3.9333503754748174
0.035533533 3.9811879711399043
0.03561813 4.028342384858372
0.035702724 4.074775743805679
0.03578732 4.120450415638347
0.03587192 4.165329058788263
0.035956517 4.209374672869709
0.03604111 4.2525506491049265
0.03612571 4.294820820672957
0.036210306 4.336149512885592
0.036294904 4.376501593093735
0.036379497 4.415842520227005
0.036464095 4.454138393869328
0.036548693 4.491356002773362
0.03663329 4.527462872716918
0.036717884 4.562427313605174
0.03680248 4.59621846572331
0.03688708 4.628806345045261
0.036971677 4.660161887505681
0.03705627 4.690256992143731
0.03714087 4.719064563029164
0.037225466 4.746558549883246
0.037310064 4.772713987309337
0.03739466 4.797507032550487
0.037479255 4.8209150016941535
0.037563853 4.842916404247122
0.03764845 4.863490976006884
0.03773305 4.882619710159101
0.037817642 4.900284886534374
0.03790224 4.916470098961276
0.037986837 4.931160280656558
0.038071435 4.944341727597521
0.03815603 4.956002119825813
0.038240626 4.966130540636276
0.038325224 4.974717493609011
0.03840982 4.981754917447485
0.038494416 4.987236198590186
0.038579013 4.991156181568242
0.03866361 4.993511177086275
0.03874821 4.994298967808765
0.038832802 4.993518811839226
0.0389174 4.991171443884544
0.039001998 4.987259074101917
0.039086595 4.981785384630946
0.039171193 4.974755523818478
0.039255787 4.966176098148876
0.039340384 4.956055161897451
0.039424982 4.944402204529707
0.03950958 4.931228135874014
0.039594173 4.916545269100133
0.03967877 4.900367301540769
0.03976337 4.88270929339798
0.039847966 4.863587644380738
0.03993256 4.843020068324443
0.040017158 4.821025565847289
0.040101755 4.797624395102623
0.040186353 4.772838040690288
0.040270947 4.7466891807937115
0.040355545 4.7192016526131075
0.040440142 4.6904004161685116
0.04052474 4.660311516549551
0.040609334 4.628962044691845
0.04069393 4.5963800967626485
0.04077853 4.562594732240908
0.040863127 4.527635930779188
0.040947724 4.491534547936993
0.041032318 4.4543222698768234
0.041116916 4.416031567115918
0.041201513 4.3766956474279475
0.04128611 4.336348407990026
0.041370705 4.2950243868712645
0.041455302 4.252758713959677
0.0415399 4.209587061424591
0.041624498 4.1655455938118475
0.04170909 4.120670917868921
0.04179369 4.075000032196692
0.041878287 4.028570276824024
0.041962884 3.98141928280041
0.04204748 3.9335849219009016
0.042132076 3.8851052565361965
0.042216673 3.836018489959289
0.04230127 3.7863629168582906
0.042385865 3.7361768744231663
0.042470463 3.6854986939719385
0.04255506 3.6343666532196446
0.042639658 3.582818929270808
0.04272425 3.5308935524135356
0.04280885 3.4786283607905353
0.042893447 3.4260609560193678
0.042978045 3.37322865983115
0.043062642 3.320168471793692
0.043147236 3.2669170281816857
0.043231834 3.213510562053126
0.04331643 3.1599848645875817
0.04340103 3.106375247738295
0.043485623 3.0527165082464056
0.04357022 2.9990428930618083
0.043654818 2.9453880662113456
0.043739416 2.891785077151203
0.04382401 2.8382663306364826
0.043908607 2.7848635581370407
0.043993205 2.731607790824806
0.044077802 2.678529334153885
0.044162396 2.6256577440509195
0.044246994 2.5730218047293056
0.04433159 2.5206495081371036
0.04441619 2.468568035044724
0.044500783 2.4168037377747567
0.04458538 2.3653821245727507
0.04466998 2.3143278456141316
0.044754576 2.263664680639061
0.044839174 2.213415528203626
0.044923767 2.163602396532504
0.045008365 2.1142463959550906
0.045092963 2.0653677329040216
0.04517756 2.016985705452124
0.045262154 1.9691187003609991
0.04534675 1.9217841916117961
0.04543135 1.8749987403861998
0.045515947 1.8287779964632458
0.04560054 1.783136700995347
0.04568514 1.7380886906247879
0.045769736 1.6936469028999976
0.045854334 1.6498233829490836
0.045938928 1.6066292913664852
0.046023525 1.5640749132670388
0.046108123 1.522169668460452
0.04619272 1.4809221226979288
0.046277314 1.440339999941674
0.046361912 1.4004301956070562
0.04644651 1.3611987907265055
0.046531107 1.32265106698356
0.046615705 1.284791522565059
0.0467003 1.2476238887791127
0.046784896 1.2111511473863354
0.046869494 1.175375548591745
0.04695409 1.1402986296448403
0.047038686 1.1059212339955622
0.047123283 1.0722435309541787
0.04720788 1.0392650358035969
0.04729248 1.006984630313157
0.047377072 0.9754005836036483
0.04746167 0.9445105733140536
0.047546268 0.914311707021423
0.047630865 0.884800543866229
0.04771546 0.8559731163366241
0.047800057 0.8278249521661528
0.047884654 0.8003510963006947
0.047969252 0.7735461328916836
0.048053846 0.747404207274016
0.048138443 0.7219190478884487
0.04822304 0.6970839881097681
0.04830764 0.6728919879434916
0.048392236 0.649335655555439
0.04847683 0.6264072686000709
0.048561428 0.604098795315113
0.048646025 0.5824019153516288
0.048730623 0.561308040310337
0.048815217 0.5408083339566652
0.048899814 0.5208937320886874
0.048984412 0.5015549620337871
0.04906901 0.48278256175155654
0.049153604 0.4645668985221279
0.0492382 0.44689818720078334
0.0493228 0.4297665080213498
0.049407396 0.41316182393250594
0.04949199 0.3970739974527445
0.049576588 0.38149280703130484
0.049661186 0.36640796290395583
0.049745783 0.35180912243401424
0.049830377 0.33768590493048084
0.049914975 0.324027905936612
0.049999572 0.3108247109836593
0.05008417 0.2980659088058631
0.050168764 0.2857411040141078
0.05025336 0.27383992922691835
0.05033796 0.26235205665869393
0.050422557 0.2512672091662508
0.050507154 0.24057517075586612
0.05059175 0.23026579655408286
0.050676346 0.2203290222465514
0.050760943 0.21075487299014703
0.05084554 0.20153347180451023
0.050930135 0.19265504745001188
0.051014733 0.18410994179994478
0.05109933 0.17588861671549266
0.051183928 0.16798166043271565
0.05126852 0.1603797934714359
0.05135312 0.15307387407649192
0.051437717 0.14605490320236483
0.051522315 0.13931402905266538
0.05160691 0.13284255118640306
0.051691506 0.126631924203346
0.051776104 0.12067376102111463
0.0518607 0.11495983575694461
0.051945295 0.10948208622730055
0.052029893 0.10423261607872068
0.05211449 0.09920369656343639
0.052199088 0.09438776797342469
0.052283686 0.0897774407466345
0.05236828 0.08536549625916791
0.052452877 0.0811448873172045
0.052537475 0.07710873836242903
0.052622072 0.07325034540466185
0.052706666 0.06956317569530157
0.052791264 0.06604086715506992
0.05287586 0.06267722756940075
0.05296046 0.05946623356464536
0.053045053 0.05640202937806833
0.05312965 0.053478925434392706
0.05321425 0.050691396741414936
0.053298846 0.04803408111695361
0.05338344 0.04550177725912393
0.053468037 0.04308944267164182
0.053552635 0.04079219145555979
0.053637233 0.03860529197852254
0.053721827 0.036524164432307285
0.053806424 0.034544378289079254
0.05389102 0.032661649666452595
0.05397562 0.030871838611098885
0.054060217 0.029170946310293547
0.05414481 0.0275551122404336
0.05422941 0.026020611261201695
0.054314006 0.024563850663690583
0.054398604 0.02318136718044138
0.054483198 0.02186982396498892
0.054567795 0.020626007548147998
0.054652393 0.019446824777918925
0.05473699 0.018329299749536756
0.054821584 0.01727057073184035
0.054906182 0.01626788709579247
0.05499078 0.015318606250644037
0.055075377 0.014420190592902392
0.05515997 0.01357020447293752
0.05524457 0.012766311183741483
0.055329166 0.012006269976044717
0.055413764 0.011287933103689576
0.055498358 0.010609242902866758
0.055582955 0.009968228908533761
0.055667553 0.009363005011057414
0.05575215 0.008791766655854334
0.05583675 0.008252788088544346
0.055921342 0.00774441964788288
0.05600594 0.007265085108498431
0.056090537 0.006813279075231574
0.056175135 0.006387564430651422
0.05625973 0.005986569837115421
0.056344327 0.005608987294536967
0.056428924 0.005253569754834932
0.05651352 0.004919128793856872
0.056598116 0.004604532341396286
0.056682713 0.004308702469761004
0.05676731 0.004030613241196657
0.05685191 0.0037692886143243006
0.056936502 0.003523800409616003
0.0570211 0.003293266333804788
0.057105698 0.0030768480630071486
0.057190295 0.002873749384225747
0.05727489 0.0026832143947976817
0.057359487 0.002504525759259204
0.057444084 0.002337003023010408
0.057528682 0.002180000982083932
0.057613276 0.0020329081082484887
0.057697874 0.001895145028612172
0.05778247 0.0017661630588306028
0.05786707 0.00164544278897158
0.057951666 0.001532492721040182
0.05803626 0.0014268479571264501
0.058120858 0.0013280689371009725
0.058205456 0.001235740224752467
0.058290053 0.0011494693412345183
0.058374647 0.0010688856446668263
0.058459245 0.0009936392547183921
0.058543842 0.0009234000209864804
0.05862844 0.0008578565339753569
0.058713034 0.0007967151774725117
0.05879763 0.0007396992211171971
0.05888223 0.0006865479519563149
0.058966827 0.0006370158437858302
0.05905142 0.0005908717630816574
0.05913602 0.0005478982103322776
0.059220616 0.0005078905955959064
0.059305213 0.00047065654711766315
0.059389807 0.0004360152518567597
0.059474405 0.0004037968267899845
0.059559003 0.000373841719875599
0.0596436 0.000346000139580964
0.059728198 0.00032013151189767104
0.05981279 0.0002961039637895083
0.05989739 0.00027379383204106456
0.059981987 0.00025308519649810436
0.060066584 0.00023386943671484757
0.06015118 0.00021604481104786099
0.060235776 0.00019951605726134855
0.060320374 0.00018419401373400443
0.06040497 0.00016999526038331028
0.060489565 0.00015684177844898768
0.060574163 0.00014466062830329688
0.06065876 0.00013338364448181212
0.060743358 0.00012294714715424562
0.060827952 0.00011329166928065527
0.06091255 0.00010436169872400163
0.060997147 9.61054346153713e-05
0.061081745 8.847455729328265e-05
0.06116634 8.142401116322251e-05
0.061250936 7.491179984794942e-05
0.061335534 6.889879302305485e-05
0.06142013 6.334854435579604e-05
0.06150473 5.8227119988264065e-05
0.061589323 5.350293702849849e-05
0.06167392 4.9146611535198775e-05
0.06175852 4.51308155031746e-05
0.061843116 4.143014237762983e-05
0.06192771 3.8020980645753985e-05
0.062012307 3.488139507390968e-05
0.062096905 3.199101517793261e-05
0.062181503 2.9330930532713514e-05
0.062266096 2.688359254528525e-05
0.062350694 2.463272233312069e-05
0.06243529 2.2563224366226143e-05
0.062519886 2.0661105547927824e-05
0.06260449 1.89133994249695e-05
0.06268908 1.730809523269699e-05
0.062773675 1.583407149569179e-05
0.062858276 1.4481033918246313e-05
0.06294287 1.3239457312556962e-05
0.06302747 1.2100531325453852e-05
0.063112065 1.1056109736902808e-05
0.06319666 1.0098663115415773e-05
0.06328126 9.22123462690128e-06
0.063365854 8.417398804391433e-06
0.063450456 7.681223096507827e-06
0.06353505 7.007232022488371e-06
0.06361964 6.390373771106376e-06
0.063704245 5.8259890898819226e-06
0.06378884 5.309782319631944e-06
0.06387343 4.837794437639375e-06
0.063958034 4.40637798055997e-06
0.06404263 4.012173725639771e-06
0.06412723 3.6520890159021005e-06
0.06421182 3.3232776216927006e-06
0.06429642 3.0231210373595798e-06
0.06438102 2.7492111179030056e-06
0.06446561 2.4993339661750077e-06
0.064550206 2.2714549866479033e-06
0.06463481 2.0637050269222944e-06
0.0647194 1.874367533017555e-06
0.064804 1.7018666490951595e-06
0.0648886 1.544756196618149e-06
0.06497319 1.401709472060929e-06
0.06505779 1.2715098061628565e-06
0.065142386 1.1530418313780844e-06
0.06522699 1.0452834076227914e-06
0.06531158 9.472981596699814e-07
0.065396175 8.582285826006563e-07
0.065480776 7.772896745984483e-07
0.06556537 7.037630590812058e-07
0.065649964 6.369915607068545e-07
0.065734565 5.763742021802769e-07
0.06581916 5.213615910310632e-07
0.06590376 4.714516676368009e-07
0.065988354 4.261857877401554e-07
0.06607295 3.851451145579024e-07
0.06615755 3.479472973128386e-07
0.06624214 3.142434146417828e-07
0.06632674 2.837151628509165e-07
