u pdf
0.023013216 0.5169034244251213
0.023097813 0.5376195137148755
0.023182409 0.559005908809532
0.023267007 0.5810770793764094
0.023351602 0.6038475075103862
0.0234362 0.6273316742462541
0.023520796 0.6515440456840675
0.023605393 0.6764990587397693
0.023689989 0.7022111065344888
0.023774587 0.7286945234370134
0.023859182 0.7559635697750435
0.02394378 0.7840324162319323
0.024028376 0.8129151279466963
0.024112973 0.8426256483361508
0.024197571 0.8731777826590653
0.024282167 0.9045851813432645
0.024366764 0.9368613230975916
0.02445136 0.9700194978316145
0.024535958 1.0040727894069008
0.024620553 1.0390340582445567
0.024705151 1.0749159238146042
0.024789747 1.1117307470335565
0.024874344 1.1494906125973268
0.02495894 1.1882073112773008
0.025043538 1.227892322208064
0.025128134 1.2685567951958627
0.025212731 1.3102115330774224
0.025297327 1.3528669741591963
0.025381925 1.3965331747675418
0.02546652 1.4412197919406393
0.025551118 1.486936066293241
0.025635714 1.5336908050855145
0.025720311 1.5814923655273683
0.025804907 1.630348638349674
0.025889505 1.6802670316737638
0.025974102 1.731254455210448
0.026058698 1.7833173048196074
0.026143296 1.8364614474611107
0.026227891 1.8906922065674605
0.026312489 1.946014347868117
0.026397085 2.0024320656948715
0.026481682 2.0599489697971465
0.026566278 2.1185680726952523
0.026650876 2.178291777599001
0.026735472 2.2391218669181328
0.02682007 2.301059491390138
0.026904665 2.3641051598500447
0.026989263 2.4282587296656755
0.027073858 2.493519397860755
0.027158456 2.5598856929470237
0.027243052 2.627355467485278
0.02732765 2.6959258913939337
0.027412245 2.7655934460223324
0.027496843 2.836353919004595
0.027581438 2.908202399908363
0.027666036 2.981133276691253
0.027750632 3.055140232976345
0.02783523 3.1302162461564143
0.027919827 3.206353586335055
0.028004423 3.283543816111239
0.02808902 3.361777791212197
0.028173616 3.441045661977956
0.028258214 3.521336875699135
0.02834281 3.6026401798081022
0.028427407 3.6849436259219077
0.028512003 3.768234574733829
0.0285966 3.852499701748856
0.028681196 3.937725003856861
0.028765794 4.023895806735732
0.02885039 4.110996773075297
0.028934987 4.199011911611483
0.029019583 4.287924586958802
0.02910418 4.377717530227978
0.029188776 4.46837285041435
0.029273374 4.559872046541526
0.02935797 4.652196020543695
0.029442567 4.745325090869102
0.029527163 4.8392390067862205
0.02961176 4.933916963373435
0.029696358 5.029337617172321
0.029780954 5.125479102484032
0.029865552 5.22231904828782
0.029950147 5.319834595760303
0.030034745 5.4180024163738665
0.03011934 5.516798730552398
0.030203938 5.616199326862471
0.030288534 5.716179581718261
0.030373132 5.816714479578486
0.030457728 5.917778633614139
0.030542325 6.019346306826019
0.030626921 6.121391433591676
0.030711519 6.223887641621957
0.030796114 6.326808274308085
0.030880712 6.4301264134410525
0.030965308 6.5338149022859415
0.031049905 6.637846368994977
0.031134501 6.742193250344033
0.031219099 6.846827815778721
0.031303696 6.951722191757273
0.03138829 7.056848386378963
0.031472888 7.16217831428809
0.031557485 7.2676838218450905
0.031642083 7.3733367125580545
0.03172668 7.479108772769032
0.031811275 7.584971797591715
0.031895872 7.690897617098331
0.03198047 7.796858122755351
0.032065067 7.902825294109376
0.03214966 8.008771225726083
0.03223426 8.114668154386939
0.032318857 8.220488486549884
0.032403454 8.326204826081868
0.032488048 8.431790002272727
0.032572646 8.537217098141255
0.032657243 8.642459479046016
0.03274184 8.747490821614484
0.032826435 8.852285143005771
0.032911032 8.956816830523042
0.03299563 9.061060671593072
0.033080228 9.164991884131208
0.03316482 9.268586147310904
0.03324942 9.37181963275775
0.033334017 9.474669036188407
0.033418614 9.57711160951499
0.033503212 9.679125193436876
0.033587806 9.780688250539866
0.033672404 9.881779898924655
0.033757 9.982379946385
0.0338416 10.082468925155885
0.033926193 10.182028127251236
0.03401079 10.281039640409839
0.034095388 10.379486384667002
0.034179986 10.477352149568139
0.03426458 10.574621632038953
0.034349177 10.671280474925071
0.034433775 10.767315306212009
0.034518372 10.862713778934086
0.034602966 10.957464611778528
0.034687564 11.051557630388157
0.03477216 11.144983809363364
0.03485676 11.237735314960702
0.034941353 11.329805548482286
0.03502595 11.42118919034641
0.03511055 11.511882244826195
0.035195146 11.601882085438863
0.035279743 11.691187500964286
0.035364337 11.779798742066767
0.035448935 11.86771756848969
0.035533533 11.95494729678774
0.03561813 12.041492848556501
0.035702724 12.127360799114172
0.03578732 12.212559426584871
0.03587192 12.297098761327637
0.035956517 12.380990635649711
0.03604111 12.464248733737099
0.03612571 12.546888641729737
0.036210306 12.628927897862692
0.036294904 12.710386042589116
0.036379497 12.791284668594766
0.036464095 12.871647470607865
0.036548693 12.951500294902234
0.03663329 13.030871188385797
0.036717884 13.109790447160423
0.03680248 13.188290664433453
0.03688708 13.266406777655359
0.036971677 13.344176114752251
0.03705627 13.421638439316474
0.03714087 13.49883599461294
0.037225466 13.575813546253602
0.037310064 13.652618423387306
0.03739466 13.729300558247294
0.037479255 13.80591252389389
0.037563853 13.882509569985407
0.03764845 13.959149656406044
0.03773305 14.03589348457556
0.037817642 14.112804526261932
0.03790224 14.189949049714702
0.037986837 14.267396142933855
0.038071435 14.345217733886368
0.03815603 14.42348860748037
0.038240626 14.502286419104928
0.038325224 14.58169170454213
0.03840982 14.66178788605721
0.038494416 14.74266127447185
0.038579013 14.824401067025864
0.03866361 14.907099340832977
0.03874821 14.990851041737333
0.038832802 15.075753968379052
0.0389174 15.161908751279167
0.039001998 15.249418826756973
0.039086595 15.338390405496082
0.039171193 15.428932435579384
0.039255787 15.521156559817353
0.039340384 15.615177067200241
0.039424982 15.711110838307473
0.03950958 15.80907728451886
0.039594173 15.909198280874202
0.03967877 16.011598092438515
0.03976337 16.116403294037493
0.039847966 16.223742683236733
0.03993256 16.333747186447983
0.040017158 16.446549758055905
0.040101755 16.562285272469687
0.040186353 16.68109040901545
0.040270947 16.803103529597617
0.040355545 16.928464549070114
0.040440142 17.057314798271893
0.04052474 17.18979687969519
0.040609334 17.326054515769663
0.04069393 17.466232389760744
0.04077853 17.610475979296428
0.040863127 17.75893138255315
0.040947724 17.9117451371476
0.041032318 18.06906403180001
0.041116916 18.23103491085089
0.041201513 18.397804471732368
0.04128611 18.56951905551352
0.041370705 18.746324430658458
0.041455302 18.928365570155
0.0415399 19.11578642219177
0.041624498 19.308729674581304
0.04170909 19.507336513147088
0.04179369 19.711746374312668
0.041878287 19.9220966921516
0.041962884 20.13852264017757
0.04204748 20.361156868174415
0.042132076 20.590129234386758
0.042216673 20.825566533412026
0.04230127 21.067592220155426
0.042385865 21.316326130229395
0.042470463 21.571884197199058
0.04255506 21.834378167094954
0.042639658 22.103915310633475
0.04272425 22.38059813360448
0.04280885 22.66452408590377
0.042893447 22.95578526970602
0.042978045 23.254468147290982
0.043062642 23.560653249052272
0.043147236 23.874414882233935
0.043231834 24.19582084095476
0.04331643 24.52493211809469
0.04340103 24.861802619630605
0.043485623 25.206478882021123
0.04357022 25.55899979325096
0.043654818 25.919396318155535
0.043739416 26.287691228655333
0.04382401 26.663898839536806
0.043908607 27.048024750423206
0.043993205 27.44006559458339
0.044077802 27.8400087952302
0.044162396 28.24783232996208
0.044246994 28.663504504001985
0.04433159 29.086983732886832
0.04441619 29.5182183352579
0.044500783 29.95714633639817
0.04458538 30.403695283157735
0.04466998 30.857782070898796
0.044754576 31.319312783084698
0.044839174 31.78818254412462
0.044923767 32.26427538607381
0.045008365 32.74746412977409
0.045092963 33.237610281003036
0.04517756 33.734563942182476
0.045262154 34.238163740176454
0.04534675 34.748236770687456
0.04543135 35.26459855973637
0.045515947 35.78705304268597
0.04560054 36.31539256124123
0.04568514 36.84939787883123
0.045769736 37.38883821474673
0.045854334 37.93347129737629
0.045938928 38.48304343685018
0.046023525 39.03728961736547
0.046108123 39.595933609432656
0.04619272 40.158688102241356
0.046277314 40.72525485630852
0.046361912 41.29532487652968
0.04644651 41.8685786057133
0.046531107 42.44468613863572
0.046615705 43.02330745661109
0.0467003 43.60409268252636
0.046784896 44.18668235624628
0.046869494 44.770707730248404
0.04695409 45.3557910853011
0.047038686 45.94154606595203
0.047123283 46.52757803554683
0.04720788 47.11348445045133
0.04729248 47.69885525310357
0.047377072 48.283273283474294
0.04746167 48.86631470846892
0.047546268 49.447549468756414
0.047630865 50.02654174246549
0.04771546 50.60285042514257
0.047800057 51.17602962532182
0.047884654 51.745629175013605
0.047969252 52.31119515437511
0.048053846 52.87227042978544
0.048138443 53.42839520450685
0.04822304 53.97910758107573
0.04830764 54.52394413452864
0.048392236 55.06244049553407
0.04847683 55.5941319424659
0.048561428 56.11855400142342
0.048646025 56.635243053171976
0.048730623 57.14373694595174
0.048815217 57.64357561307503
0.048899814 58.13430169421123
0.048984412 58.615461159235835
0.04906901 59.08660393350352
0.049153604 59.54728452338827
0.0492382 59.99706264092152
0.0493228 60.435503826348665
0.049407396 60.86218006741697
0.04949199 61.276670414203544
0.049576588 61.67856158829026
0.049661186 62.06744858509374
0.049745783 62.44293526816337
0.049830377 62.80463495426627
0.049914975 63.15217098809011
0.049999572 63.48517730540633
0.05008417 63.803298983553255
0.050168764 64.10619277811772
0.05025336 64.39352764471549
0.05033796 64.66498524479611
0.050422557 64.92026043442505
0.050507154 65.1590617350273
0.05059175 65.3811117851088
0.050676346 65.58614777200908
0.050760943 65.77392184277583
0.05084554 65.9442014932938
0.050930135 66.09676993484344
0.051014733 66.23142643730964
0.05109933 66.34798664830974
0.051183928 66.44628288755807
0.05126852 66.52616441583733
0.05135312 66.58749767799918
0.051437717 66.63016651947194
0.051522315 66.65407237580926
0.05160691 66.65913443487163
0.051691506 66.64528977129083
0.051776104 66.61249345292761
0.0518607 66.56071861909334
0.051945295 66.48995653036722
0.052029893 66.40021658990327
0.05211449 66.29152633618168
0.052199088 66.1639314072234
0.052283686 66.01749547634718
0.05236828 65.85230015961066
0.052452877 65.66844489513934
0.052537475 65.46604679460705
0.052622072 65.24524046719284
0.052706666 65.0061778163979
0.052791264 64.74902781016434
0.05287586 64.47397622479545
0.05296046 64.18122536323229
0.053045053 63.870993748294865
0.05312965 63.54351579155066
0.05321425 63.19904143852172
0.053298846 62.83783579099172
0.05338344 62.46017870722073
0.053468037 62.06636438091939
0.053552635 61.65670089987703
0.053637233 61.23150978517771
0.053721827 60.791125511975004
0.053806424 60.33589501283159
0.05389102 59.86617716466117
0.05397562 59.382342260339236
0.054060217 58.88477146607618
0.05414481 58.3738562656687
0.05422941 57.8499978927665
0.054314006 57.31360675230907
0.054398604 56.765101832300694
0.054483198 56.20491010710471
0.054567795 55.63346593344544
0.054652393 55.05121044031213
0.05473699 54.458590913961686
0.054821584 53.85606017921596
0.054906182 53.24407597824654
0.05499078 52.62310034803302
0.055075377 51.99359899767123
0.05515997 51.35604068669646
0.05524457 50.71089660557112
0.055329166 50.05863975946896
0.055413764 49.39974435646777
0.055498358 48.7346852012397
0.055582955 48.06393709530306
0.055667553 47.38797424487231
0.05575215 46.707269677312716
0.05583675 46.022294667174805
0.055921342 45.333518172749685
0.05600594 44.64140628405041
0.056090537 43.94642168308763
0.056175135 43.249023117267996
0.05625973 42.54966488670382
0.056344327 41.84879634618032
0.056428924 41.146861422483234
0.05651352 40.444298147746316
0.056598116 39.741538209431795
0.056682713 39.039006517512135
0.05676731 38.33712078937377
0.05685191 37.63629115291706
0.056936502 36.93691976827875
0.0570211 36.23940046855547
0.057105698 35.54411841985941
0.057190295 34.85144980098851
0.05727489 34.1617615029469
0.057359487 33.47541084850315
0.057444084 32.79274533192717
0.057528682 32.11410237900036
0.057613276 31.439809127347488
0.057697874 30.770182227094057
0.05778247 30.1055276618088
0.05786707 29.446140589647563
0.057951666 28.792305204573314
0.05803626 28.14429461748558
0.058120858 27.502370757053658
0.058205456 26.866784290009196
0.058290053 26.237774560617463
0.058374647 25.615569549011
0.058459245 25.00038584803581
0.058543842 24.392428658228223
0.05862844 23.79189180051012
0.058713034 23.198957746161454
0.05879763 22.613797663602416
0.05888223 22.036571481492075
0.058966827 21.467427967627533
0.05905142 20.906504823105717
0.05913602 20.35392879119077
0.059220616 19.809815780312128
0.059305213 19.27427100060246
0.059389807 18.747389113370915
0.059474405 18.229254392894813
0.059559003 17.71994089990266
0.0596436 17.21951266611312
0.059728198 16.72802388918762
0.05981279 16.245519137449694
0.05989739 15.77203356372068
0.059981987 15.307593127620246
0.060066584 14.852214825680235
0.06015118 14.405906928621995
0.060235776 13.968669225150974
0.060320374 13.540493271626937
0.06040497 13.12136264697455
0.060489565 12.711253212206694
0.060574163 12.31013337394186
0.06065876 11.917964351307106
0.060743358 11.534700445629605
0.060827952 11.160289312332171
0.06091255 10.79467223446187
0.060997147 10.437784397295196
0.061081745 10.08955516347893
0.06116634 9.74990834818197
0.061250936 9.41876249375046
0.061335534 9.09603114337639
0.06142013 8.78162311330808
0.06150473 8.475442763149966
0.061589323 8.177390263818387
0.06167392 7.887361862740075
0.06175852 7.60525014589979
0.061843116 7.3309442963644615
0.06192771 7.064330348931351
0.062012307 6.805291440568759
0.062096905 6.55370805633855
0.062181503 6.309458270510625
0.062266096 6.072417982600281
0.062350694 5.84246114808012
0.06243529 5.619460003538721
0.062519886 5.403285286078659
0.06260449 5.193806446766562
0.06268908 4.990891857967763
0.062773675 4.7944090144175
0.062858276 4.604224727899784
0.06294287 4.420205315423735
0.06302747 4.242216780805353
0.063112065 4.070124989580529
0.06319666 3.903795837192235
0.06328126 3.7430954104115646
0.063365854 3.587890141968446
0.063450456 3.4380469583832345
0.06353505 3.2934334210055187
0.06361964 3.1539178602805737
0.063704245 3.0193695032776637
0.06378884 2.8896585945273796
0.06387343 2.764656510227503
0.063958034 2.6442358658886174
0.06404263 2.5282706175016925
0.06412723 2.416636156320182
0.06421182 2.3092093973588597
0.06429642 2.2058688617206594
0.06438102 2.106494752871045
0.06446561 2.010969026987203
0.064550206 1.9191754575163062
0.06463481 1.830999694083541
0.0647194 1.7463293158963367
0.064804 1.6650538797963308
0.0648886 1.5870649631152505
0.06497319 1.512256201494704
0.06505779 1.4405233218333857
0.065142386 1.3717641705279118
0.06522699 1.305878737175881
0.06531158 1.2427691739114397
0.065396175 1.182339810544971
0.065480776 1.1244971656792622
0.06556537 1.069149953974861
0.065649964 1.0162090897372393
0.065734565 0.9655876869978096
0.06581916 0.9172010562599924
0.06590376 0.8709666980801795
0.065988354 0.8268042936518474
0.06607295 0.7846356925590718
0.06615755 0.7443848978634454
0.06624214 0.7059780486858191
0.06632674 0.6693434004414793
