u pdf
0.023013216 4.153278881445977e-07
0.023097813 4.6332074497984924e-07
0.023182409 5.166944058936416e-07
0.023267007 5.760326955199254e-07
0.023351602 6.419805507885529e-07
0.0234362 7.152501686607385e-07
0.023520796 7.966277453250416e-07
0.023605393 8.869808609279023e-07
0.023689989 9.872665685697958e-07
0.023774587 1.0985402513282047e-06
0.023859182 1.2219653164990797e-06
0.02394378 1.3588238021082266e-06
0.024028376 1.5105279770640127e-06
0.024112973 1.6786330231357133e-06
0.024197571 1.8648508942823513e-06
0.024282167 2.0710654567624758e-06
0.024366764 2.2993490219642526e-06
0.02445136 2.5519803930502564e-06
0.024535958 2.8314645563550657e-06
0.024620553 3.140554159053941e-06
0.024705151 3.482272925985857e-06
0.024789747 3.859941180716295e-06
0.024874344 4.277203649019279e-06
0.02495894 4.738059737002311e-06
0.025043538 5.246896491152355e-06
0.025128134 5.808524463710978e-06
0.025212731 6.428216724059668e-06
0.025297327 7.1117512752822845e-06
0.025381925 7.865457154846285e-06
0.02546652 8.696264519486343e-06
0.025551118 9.611759036963408e-06
0.025635714 1.0620240931498314e-05
0.025720311 1.1730789055427838e-05
0.025804907 1.2953330387101442e-05
0.025889505 1.4298715384321342e-05
0.025974102 1.577879965383561e-05
0.026058698 1.740653243062541e-05
0.026143296 1.9196052396097705e-05
0.026227891 2.1162791401917376e-05
0.026312489 2.3323586706209373e-05
0.026397085 2.5696802371355317e-05
0.026481682 2.8302460517729752e-05
0.026566278 3.116238317560158e-05
0.026650876 3.4300345528206145e-05
0.026735472 3.77422413928106e-05
0.02682007 4.1516261843601475e-05
0.026904665 4.565308794056606e-05
0.026989263 5.018609859237304e-05
0.027073858 5.515159464874274e-05
0.027158456 6.0589040389094994e-05
0.027243052 6.65413236495379e-05
0.02732765 7.305503590968453e-05
0.027412245 8.018077374452472e-05
0.027496843 8.797346313481635e-05
0.027581438 9.6492708222364e-05
0.027666036 0.00010580316619430551
0.027750632 0.00011597495008330749
0.02783523 0.0001270840613785584
0.027919827 0.00013921285445581992
0.028004423 0.0001524505349537439
0.02808902 0.00016689369434834257
0.028173616 0.0001826468831081176
0.028258214 0.00019982322494904768
0.02834281 0.00021854507485160563
0.028427407 0.0002389447236513813
0.028512003 0.00026116515217085485
0.0285966 0.0002853608380226112
0.028681196 0.00031169861838387325
0.028765794 0.00034035861221887886
0.02885039 0.0003715352056093715
0.028934987 0.0004054381040445154
0.029019583 0.00044229345571989684
0.02910418 0.0004823450501010723
0.029188776 0.0005258555962204209
0.029273374 0.0005731080853968823
0.02935797 0.0006244072432965519
0.029442567 0.0006800810764880676
0.029527163 0.000740482518890194
0.02961176 0.0008059911837600306
0.029696358 0.000877015227128607
0.029780954 0.0009539933288563577
0.029865552 0.0010373967977537332
0.029950147 0.0011277318074920867
0.030034745 0.001225541770316357
0.03011934 0.0013314098558642206
0.030203938 0.0014459616626953963
0.030288534 0.0015698680504398416
0.030373132 0.00170384814078387
0.030457728 0.0018486724958285104
0.030542325 0.0020051664826741308
0.030626921 0.0021742138334088223
0.030711519 0.002356760410004783
0.030796114 0.0025538181839561687
0.030880712 0.002766469440822666
0.030965308 0.0029958712201749783
0.031049905 0.0032432600017699514
0.031134501 0.003509956649113925
0.031219099 0.003797371621901311
0.031303696 0.004107010469140654
0.03138829 0.0044404796151012536
0.031472888 0.0047994924505282924
0.031557485 0.005185875741881741
0.031642083 0.0056015763716537196
0.03172668 0.006048668423106567
0.031811275 0.0065293606230508745
0.031895872 0.007046004156544731
0.03198047 0.007601100867642031
0.032065067 0.008197311860546768
0.03214966 0.008837466515738416
0.03223426 0.009524571935821149
0.032318857 0.010261822836011146
0.032403454 0.01105261189431219
0.032488048 0.011900540576536027
0.032572646 0.012809430451397768
0.032657243 0.013783335010956885
0.03274184 0.014826552011675995
0.032826435 0.015943636351332002
0.032911032 0.01713941349693298
0.03299563 0.018418993478665848
0.033080228 0.019787785464723737
0.03316482 0.02125151293163158
0.03324942 0.02281622944440337
0.033334017 0.024488335060518715
0.033418614 0.026274593371300357
0.033503212 0.028182149193798828
0.033587806 0.03021854692574889
0.033672404 0.0323917495755454
0.033757 0.034710158478493285
0.0338416 0.03718263370981499
0.033926193 0.03981851520404048
0.03401079 0.0426276445894631
0.034095388 0.04562038774531039
0.034179986 0.04880765808815093
0.03426458 0.052200940592834984
0.034349177 0.05581231655193913
0.034433775 0.0596544890762595
0.034518372 0.06374080933736014
0.034602966 0.06808530355154171
0.034687564 0.07270270070283591
0.03477216 0.07760846100076242
0.03485676 0.08281880506659642
0.034941353 0.08835074383978694
0.03502595 0.09422210919394004
0.03511055 0.10045158524942902
0.035195146 0.10705874036722197
0.035279743 0.11406405980591719
0.035364337 0.12148897902125319
0.035448935 0.1293559175845141
0.035533533 0.13768831369327256
0.03561813 0.1465106592448187
0.035702724 0.15584853543939717
0.03578732 0.16572864887703245
0.03587192 0.17617886810826044
0.035956517 0.187228260595497
0.03604111 0.19890713003808436
0.03612571 0.21124705401024796
0.036210306 0.22428092185728032
0.036294904 0.23804297279126135
0.036379497 0.2525688341235076
0.036464095 0.2678955595667457
0.036548693 0.2840616675357263
0.03663329 0.30110717937063064
0.036717884 0.319073657403203
0.03680248 0.3380042427810551
0.03688708 0.35794369296106127
0.036971677 0.37893841877819595
0.03705627 0.40103652099156184
0.03714087 0.4242878262047594
0.037225466 0.4487439220531319
0.037310064 0.4744581915458154
0.03739466 0.5014858464459667
0.037479255 0.5298839595679907
0.037563853 0.5597114958661311
0.03764845 0.5910293421843763
0.03773305 0.6239003355333272
0.037817642 0.6583892897554744
0.03790224 0.6945630204362452
0.037986837 0.7324903679142712
0.038071435 0.7722422182405498
0.03815603 0.8138915219325965
0.038240626 0.8575133103663374
0.038325224 0.9031847096453113
0.03840982 0.9509849517839015
0.038494416 1.0009953830386793
0.038579013 1.0532994692195987
0.03866361 1.1079827978108245
0.03874821 1.1651330767292538
0.038832802 1.224840129547522
0.0389174 1.287195887007359
0.039001998 1.3522943746486296
0.039086595 1.4202316963793522
0.039171193 1.4911060138123176
0.039255787 1.5650175211948072
0.039340384 1.6420684157592624
0.039424982 1.7223628633245776
0.03950958 1.806006958980153
0.039594173 1.8931086826877428
0.03967877 1.983777849639715
0.03976337 2.0781260552164538
0.039847966 2.1762666143903666
0.03993256 2.2783144954293726
0.040017158 2.3843862477587
0.040101755 2.494599923846534
0.040186353 2.609074994986392
0.040270947 2.727932260857068
0.040355545 2.851293752749729
0.040440142 2.9792826303611184
0.04052474 3.112023072061866
0.040609334 3.249640158559739
0.04069393 3.392259749889075
0.04077853 3.540008355669853
0.040863127 3.693012998592698
0.040947724 3.851401071099621
0.041032318 4.015300185244565
0.041116916 4.184838015732634
0.041201513 4.360142136152467
0.04128611 4.541339848432266
0.041370705 4.728558005566862
0.041455302 4.9219228276804134
0.0415399 5.121559711507317
0.041624498 5.327593033392258
0.04170909 5.540145945929316
0.04179369 5.759340168379346
0.041878287 5.985295771024718
0.041962884 6.218130953640631
0.04204748 6.4579618182827785
0.042132076 6.704902136611908
0.042216673 6.959063111996963
0.04230127 7.22055313665957
0.042385865 7.489477544144277
0.042470463 7.7659383574200875
0.04255506 8.050034032940589
0.042639658 8.341859201011303
0.04272425 8.641504402834103
0.04280885 8.949055824619895
0.042893447 9.264595029181526
0.042978045 9.588198685439508
0.043062642 9.919938296293354
0.043147236 10.259879925331182
0.043231834 10.60808392286916
0.04331643 10.964604651831431
0.04340103 11.329490213998696
0.043485623 11.702782177170954
0.04357022 12.084515303806356
0.043654818 12.474717281713364
0.043739416 12.873408457387983
0.04382401 13.280601572601187
0.043908607 13.696301504853952
0.043993205 14.120505012328273
0.044077802 14.55320048397244
0.044162396 14.994367695367162
0.044246994 15.443977571026263
0.04433159 15.901991953791098
0.04441619 16.368363381981894
0.044500783 16.84303487497167
0.04458538 17.325939727849082
0.04466998 17.81700131583551
0.044754576 18.316132909119315
0.044839174 18.823237498765216
0.044923767 19.338207634350866
0.045008365 19.86092527397423
0.045092963 20.39126164726533
0.04517756 20.929077132024073
0.045262154 21.47422114509156
0.04534675 22.026532048046914
0.04543135 22.585837068303256
0.045515947 23.15195223615701
0.04560054 23.724682338322925
0.04568514 24.303820888463303
0.045769736 24.889150115194596
0.045854334 25.48044096802677
0.045938928 26.077453141661774
0.046023525 26.67993511904595
0.046108123 27.28762423353851
0.04619272 27.90024675052354
0.046277314 28.517517968756515
0.046361912 29.13914234169852
0.04644651 29.764813619051996
0.046531107 30.394215008670766
0.046615705 31.027019358975163
0.0467003 31.662889361959326
0.046784896 32.301477776833345
0.046869494 32.94242767429708
0.04695409 33.585372701395954
0.047038686 34.229937366861584
0.047123283 34.87573734679183
0.04720788 35.522379810476224
0.04729248 36.16946376612359
0.047377072 36.816580426198975
0.04746167 37.4633135920275
0.047546268 38.109240057272984
0.047630865 38.75393002984949
0.04771546 39.39694757177467
0.047800057 40.037851056424714
0.047884654 40.67619364260259
0.047969252 41.3115237647828
0.048053846 41.94338563885004
0.048138443 42.571319782602416
0.04822304 43.194863550245344
0.04830764 43.81355168005915
0.048392236 44.426916854380856
0.04847683 45.034490271000735
0.048561428 45.63580222503483
0.048646025 46.23038270029875
0.048730623 46.81776196917192
0.048815217 47.397471199910264
0.048899814 47.96904307033305
0.048984412 48.53201238678327
0.04906901 49.0859167072337
0.049153604 49.63029696738886
0.0492382 50.164698108611944
0.0493228 50.688669706488504
0.049407396 51.20176659882379
0.04949199 51.7035495118587
0.049576588 52.19358568348054
0.049661186 52.671449482198824
0.049745783 53.13672302065375
0.049830377 53.58899676242511
0.049914975 54.02787012091354
0.049999572 54.45295204907175
0.05008417 54.86386161877455
0.050168764 55.26022858862851
0.05025336 55.6416939590391
0.05033796 56.00791051337224
0.050422557 56.35854334407004
0.050507154 56.69327036260598
0.05059175 57.01178279219349
0.050676346 57.313785642193906
0.050760943 57.59899816320374
0.05084554 57.86715428183909
0.050930135 58.1180030142752
0.051014733 58.351308857641094
0.05109933 58.56685215841589
0.051183928 58.76442945701934
0.05126852 58.94385380784063
0.05135312 59.10495507400053
0.051437717 59.24758019619624
0.051522315 59.37159343503451
0.05160691 59.47687658631586
0.051691506 59.563329168791896
0.051776104 59.63086858397821
0.0518607 59.679430247667256
0.051945295 59.708967692847736
0.052029893 59.71945264380134
0.05211449 59.710875061211
0.052199088 59.68324315818026
0.052283686 59.636583387127864
0.05236828 59.57094039758669
0.052452877 59.486376965001554
0.052537475 59.38297389068462
0.052622072 59.26082987315167
0.052706666 59.12006135112605
0.052791264 58.96080231855989
0.05287586 58.783204112083894
0.05296046 58.58743517135764
0.053045053 58.373680772851856
0.05312965 58.14214273765129
0.05321425 57.893039113923535
0.053298846 57.62660383475285
0.05338344 57.343086352090765
0.053468037 57.04275124762483
0.053552635 56.725877821415466
0.053637233 56.39275965919564
0.053721827 56.043704179271565
0.053806424 55.679032160002855
0.05389102 55.29907724887831
0.05397562 54.9041854542381
0.054060217 54.49471462072543
0.05414481 54.07103388957963
0.05422941 53.6335231449085
0.054314006 53.1825724471007
0.054398604 52.718581454559015
0.054483198 52.24195883495131
0.054567795 51.75312166719021
0.054652393 51.252494835362135
0.05473699 50.74051041583386
0.054821584 50.21760705876825
0.054906182 49.684229365281865
0.05499078 49.14082726147449
0.055075377 48.58785537055518
0.05515997 48.025772384280856
0.05524457 47.455040434911865
0.055329166 46.876124468874444
0.055413764 46.28949162330262
0.055498358 45.69561060661192
0.055582955 45.094951084234715
0.055667553 44.48798307062098
0.05575215 43.875176328581084
0.05583675 43.2569997770165
0.055921342 42.63392090805191
0.05600594 42.00640521454753
0.056090537 41.37491562893391
0.056175135 40.739911974272786
0.05625973 40.10185042840731
0.056344327 39.46118300202337
0.056428924 38.81835703139993
0.05651352 38.173814686582205
0.056598116 37.52799249566544
0.056682713 36.881320885830036
0.05676731 36.234223741721934
0.05685191 35.58711798172264
0.056936502 34.94041315260546
0.0570211 34.29451104302438
0.057105698 33.64980531623297
0.057190295 33.00668116238052
0.05727489 32.36551497068326
0.057359487 31.726674021718942
0.057444084 31.090516200043538
0.057528682 30.45738972728046
0.057613276 29.82763291578416
0.057697874 29.201573942932512
0.05778247 28.57953064605587
0.05786707 27.961810337964515
0.057951666 27.348709642992
0.05803626 26.740514353427645
0.058120858 26.137499306169826
0.058205456 25.53992827939011
0.058290053 24.948053908958993
0.058374647 24.362117624345924
0.058459245 23.782349603669743
0.058543842 23.208968747540887
0.05862844 22.642182671303498
0.058713034 22.082187715254513
0.05879763 21.529168972386707
0.05888223 20.983300333175762
0.058966827 20.44474454690479
0.05905142 19.91365329899657
0.05913602 19.390167303801405
0.059220616 18.874416412268513
0.059305213 18.36651973391112
0.059389807 17.86658577245892
0.059474405 17.37471257457776
0.059559003 16.890987891023997
0.0596436 16.41548934959083
0.059728198 15.948284639195391
0.05981279 15.489431704448972
0.05989739 15.03897895004808
0.059981987 14.596965454321003
0.060066584 14.163421191263666
0.06015118 13.73836726039888
0.060235776 13.321816123795617
0.060320374 12.913771849588498
0.06040497 12.514230361343314
0.060489565 12.123179692621113
0.060574163 11.740600246101744
0.06065876 11.366465056637413
0.060743358 11.000740057617664
0.060827952 10.643384350039394
0.06091255 10.294350473688823
0.060997147 9.953584679856558
0.061081745 9.62102720502237
0.06116634 9.29661254496251
0.061250936 8.98026972874943
0.061335534 8.67192259213178
0.06142013 8.371490049800862
0.06150473 8.07888636606919
0.061589323 7.794021423506241
0.06167392 7.516800989096872
0.06175852 7.247126977508126
0.061843116 6.984897711071489
0.06192771 6.730008176108309
0.062012307 6.4823502752477316
0.062096905 6.241813075407793
0.062181503 6.008283051131764
0.062266096 5.781644322993433
0.062350694 5.561778890806251
0.06243529 5.3485668613926105
0.062519886 5.14188667069062
0.06260449 4.941615299996497
0.06268908 4.747628486161346
0.062773675 4.559800925581236
0.062858276 4.37800647183939
0.06294287 4.2021183268786135
0.06302747 4.032009225601265
0.063112065 3.867551613812253
0.06319666 3.7086178194387616
0.06328126 3.555080216977623
0.063365854 3.40681138513812
0.063450456 3.2636842576642344
0.06353505 3.125572267335903
0.06361964 2.992349483163762
0.063704245 2.863890740806178
0.06378884 2.740071766250959
0.06387343 2.6207692928170356
0.063958034 2.5058611715436583
0.06404263 2.3952264750462016
0.06412723 2.2887455949284927
0.06421182 2.186300332851742
0.06429642 2.0877739853696093
0.06438102 1.9930514226476899
0.06446561 1.902019161193776
0.064550206 1.814565430732692
0.06463481 1.7305802353661779
0.0647194 1.6499554091644115
0.064804 1.5725846663411887
0.0648886 1.498363646169573
0.06497319 1.427189952799035
0.06505779 1.358963190138686
0.065142386 1.2935849919742388
0.06522699 1.2309590474887648
0.06531158 1.170991122359266
0.065396175 1.1135890756024422
0.065480776 1.0586628723439473
0.06556537 1.006124592685864
0.065649964 0.9558884368470503
0.065734565 0.9078707267505881
0.06581916 0.8619899042316463
0.06590376 0.8181665260378331
0.065988354 0.7763232557924615
0.06607295 0.736384853089185
0.06615755 0.6982781598841679
0.06624214 0.6619320843493623
0.06632674 0.6272775823475981
