u pdf
0.023013216 0.0016549656275436095
0.023097813 0.0017733164812167074
0.023182409 0.0018995463603959219
0.023267007 0.0020341358699540618
0.023351602 0.0021775917989367475
0.0234362 0.002330448335948293
0.023520796 0.0024932683274543487
0.023605393 0.002666644579680342
0.023689989 0.0028512012047395333
0.023774587 0.00304759501157475
0.023859182 0.0032565169422433906
0.02394378 0.003478693554015992
0.024028376 0.003714888547694272
0.024112973 0.003965904342485029
0.024197571 0.004232583697691455
0.024282167 0.00451581138140308
0.024366764 0.004816515886279637
0.02445136 0.005135671192432586
0.024535958 0.005474298577310484
0.024620553 0.005833468472391104
0.024705151 0.00621430236637371
0.024789747 0.006617974754449501
0.024874344 0.007045715133106463
0.02495894 0.0074988100397971125
0.025043538 0.007978605136663437
0.025128134 0.008486507337373007
0.025212731 0.009023986975973666
0.025297327 0.009592580016521256
0.025381925 0.01019389030207602
0.02546652 0.010829591841497961
0.025551118 0.011501431132300557
0.025635714 0.012211229517644846
0.025720311 0.01296088557537342
0.025804907 0.013752377536795089
0.025889505 0.014587765732737325
0.025974102 0.01546919506418452
0.026058698 0.016398897494615823
0.026143296 0.017379194560948084
0.026227891 0.01841249989977584
0.026312489 0.01950132178538366
0.026397085 0.02064826567578514
0.026481682 0.021856036762818713
0.026566278 0.023127442522104177
0.026650876 0.024465395258433838
0.026735472 0.02587291464194191
0.02682007 0.027353130230162902
0.026904665 0.02890928397085677
0.026989263 0.0305447326802457
0.027073858 0.03226295049107387
0.027158456 0.034067531264670714
0.027243052 0.03596219096096784
0.02732765 0.037950769960192754
0.027412245 0.04003723532973886
0.027496843 0.04222568302949095
0.027581438 0.04452034004867128
0.027666036 0.046925566467061454
0.027750632 0.04944585743325396
0.02783523 0.05208584505239137
0.027919827 0.05485030017566558
0.028004423 0.05774413408367224
0.02808902 0.06077240005554877
0.028173616 0.06394029481566951
0.028258214 0.06725315984952751
0.02834281 0.07071648258030463
0.028427407 0.0743358973975138
0.028512003 0.07811718652899913
0.0285966 0.08206628074749468
0.028681196 0.0861892599028762
0.028765794 0.09049235327119237
0.02885039 0.0949819397115321
0.028934987 0.09966454762177661
0.029019583 0.10454685468429667
0.02910418 0.10963568739269014
0.029188776 0.11493802035071228
0.029273374 0.12046097533463257
0.02935797 0.1262118201103583
0.029442567 0.13219796699679592
0.029527163 0.13842697116707975
0.02961176 0.14490652867948178
0.029696358 0.1516444742300297
0.029780954 0.1586487786190988
0.029865552 0.1659275459245166
0.029950147 0.17348901037401193
0.030034745 0.1813415329101744
0.03011934 0.189493597441445
0.030203938 0.19795380677304494
0.030288534 0.2067308782121747
0.030373132 0.21583363884225637
0.030457728 0.22527102046147815
0.030542325 0.2350520541814059
0.030626921 0.2451858646819658
0.030711519 0.25568166411967463
0.030796114 0.2665487456865889
0.030880712 0.27779647681807296
0.030965308 0.2894342920481423
0.031049905 0.301471685511818
0.031134501 0.3139182030946408
0.031219099 0.32678343423022377
0.031303696 0.34007700334748536
0.03138829 0.35380856096998264
0.031472888 0.36798777447057046
0.031557485 0.3826243184854348
0.031642083 0.3977278649923934
0.03172668 0.4133080730592121
0.031811275 0.42937457826856545
0.031895872 0.4459369818271539
0.03198047 0.4630048393673902
0.032065067 0.48058764945098037
0.03214966 0.4986948417846327
0.03223426 0.517335765159054
0.032318857 0.5365196751233131
0.032403454 0.5562557214075716
0.032488048 0.5765529351081032
0.032572646 0.5974202156494344
0.032657243 0.6188663175393444
0.03274184 0.6408998369333583
0.032826435 0.6635291980262397
0.032911032 0.6867626392888652
0.03299563 0.7106081995696881
0.033080228 0.7350737040808369
0.03316482 0.7601667502896711
0.03324942 0.7858946937374001
0.033334017 0.8122646338070828
0.033418614 0.8392833994640505
0.033503212 0.8669575349924254
0.033587806 0.8952932857520607
0.033672404 0.9242965839807749
0.033757 0.9539730346673015
0.0338416 0.984327901520854
0.033926193 1.015366093063623
0.03401079 1.0470921488729157
0.034095388 1.0795102259999496
0.034179986 1.1126240855925786
0.03426458 1.1464370797494292
0.034349177 1.1809521386330446
0.034433775 1.2161717578697224
0.034518372 1.2520979862637118
0.034602966 1.28873241385338
0.034687564 1.3260761603368147
0.03477216 1.3641298638941197
0.03485676 1.4028936704333697
0.034941353 1.4423672232868465
0.03502595 1.482549653383731
0.03511055 1.5234395699249406
0.035195146 1.5650350515851832
0.035279743 1.6073336382666927
0.035364337 1.6503323234283365
0.035448935 1.6940275470130015
0.035533533 1.738415188995285
0.03561813 1.7834905635705662
0.035702724 1.8292484140055034
0.03578732 1.875682908168934
0.03587192 1.9227876347609683
0.035956517 1.970555600256863
0.03604111 2.0189792265809796
0.03612571 2.068050349524762
0.036210306 2.1177602179212816
0.036294904 2.168099493587445
0.036379497 2.2190582520434217
0.036464095 2.2706259840173266
0.036548693 2.3227915977415527
0.03663329 2.3755434220455465
0.036717884 2.428869210248107
0.03680248 2.482756144850595
0.03688708 2.5371908430307126
0.036971677 2.592159362934734
0.03705627 2.6476472107643065
0.03714087 2.7036393486521546
0.037225466 2.760120203319218
0.037310064 2.8170736755039574
0.03739466 2.8744831501527868
0.037479255 2.9323315073587737
0.037563853 2.990601134034023
0.03764845 3.0492739362993544
0.03773305 3.1083313525732374
0.037817642 3.167754367340162
0.03790224 3.227523525577045
0.037986837 3.2876189478146207
0.038071435 3.3480203458092053
0.03815603 3.408707038798694
0.038240626 3.4696579703152324
0.038325224 3.5308517255255802
0.03840982 3.5922665490688535
0.038494416 3.653880363360109
0.038579013 3.7156707873270376
0.03866361 3.7776151555459543
0.03874821 3.8396905377422406
0.038832802 3.90187375861951
0.0389174 3.964141417980931
0.039001998 4.026469911105397
0.039086595 4.088835449340639
0.039171193 4.151214080874826
0.039255787 4.2135817116478025
0.039340384 4.275914126362771
0.039424982 4.338187009559067
0.03950958 4.400375966706555
0.039594173 4.4624565452821905
0.03967877 4.5244042557894595
0.03976337 4.58619459268162
0.039847966 4.64780305515006
0.03993256 4.709205167739522
0.040017158 4.770376500752582
0.040101755 4.831292690406398
0.040186353 4.891929458705621
0.040270947 4.952262632996206
0.040355545 5.012268165165923
0.040440142 5.071922150458466
0.04052474 5.13120084586925
0.040609334 5.190080688092364
0.04069393 5.2485383109894705
0.04077853 5.306550562552977
0.040863127 5.364094521337377
0.040947724 5.42114751233428
0.041032318 5.477687122268392
0.041116916 5.5336912142935
0.041201513 5.589137942069335
0.04128611 5.644005763202114
0.041370705 5.698273452033536
0.041455302 5.751920111764934
0.0415399 5.804925185905396
0.041624498 5.85726846903466
0.04170909 5.908930116873744
0.04179369 5.959890655658276
0.041878287 6.010130990811682
0.041962884 6.0596324149174725
0.04204748 6.108376614991905
0.042132076 6.156345679060469
0.042216673 6.2035221020437135
0.04230127 6.249888790959842
0.042385865 6.29542906945369
0.042470463 6.340126681663513
0.04255506 6.383965795438985
0.042639658 6.426931004925663
0.04272425 6.469007332532959
0.04280885 6.5101802303043845
0.042893447 6.550435580710467
0.042978045 6.589759696886343
0.043062642 6.628139322337491
0.043147236 6.665561630138438
0.043231834 6.70201422165063
0.04331643 6.737485124786789
0.04340103 6.771962791850176
0.043485623 6.805436096978216
0.04357022 6.837894333220728
0.043654818 6.869327209283785
0.043739416 6.8997248459708995
0.04382401 6.929077772353661
0.043908607 6.9573769217044115
0.043993205 6.98461362722378
0.044077802 7.010779617595993
0.044162396 7.03586701240501
0.044246994 7.059868317444261
0.04433159 7.082776419952665
0.04441619 7.104584583809169
0.044500783 7.125286444717571
0.04458538 7.1448760054128435
0.04466998 7.163347630919341
0.044754576 7.1806960438905705
0.044839174 7.196916320059123
0.044923767 7.212003883824408
0.045008365 7.225954504004601
0.045092963 7.238764289777983
0.04517756 7.250429686837476
0.045262154 7.260947473780733
0.04534675 7.270314758756588
0.04543135 7.2785289763871175
0.045515947 7.285587884982746
0.04560054 7.291489564066261
0.04568514 7.2962324122196005
0.045769736 7.299815145265535
0.045854334 7.302236794794414
0.045938928 7.3034967070441565
0.046023525 7.303594542139763
0.046108123 7.302530273696551
0.04619272 7.3003041887893
0.046277314 7.296916888287527
0.046361912 7.29236928755496
0.04644651 7.286662617509407
0.046531107 7.279798426037047
0.046615705 7.271778579753315
0.0467003 7.262605266100511
0.046784896 7.252280995770391
0.046869494 7.240808605438074
0.04695409 7.228191260791839
0.047038686 7.214432459841566
0.047123283 7.199536036486901
0.04720788 7.183506164324571
0.04729248 7.16634736067279
0.047377072 7.148064490789149
0.04746167 7.128662772257045
0.047546268 7.108147779514449
0.047630865 7.086525448497571
0.04771546 7.063802081370962
0.047800057 7.039984351314576
0.047884654 7.015079307337481
0.047969252 6.989094379087167
0.048053846 6.962037381622767
0.048138443 6.933916520119987
0.04822304 6.904740394475207
0.04830764 6.874518003775886
0.048392236 6.843258750604358
0.04847683 6.8109724451419735
0.048561428 6.777669309040837
0.048646025 6.743359979030423
0.048730623 6.708055510226929
0.048815217 6.671767379113502
0.048899814 6.634507486160312
0.048984412 6.5962881580539685
0.04906901 6.557122149506747
0.049153604 6.5170226446170485
0.0492382 6.476003257753488
0.0493228 6.434078033936327
0.049407396 6.391261448691103
0.04949199 6.347568407350791
0.049576588 6.303014243784242
0.049661186 6.257614718530206
0.049745783 6.2113860163179195
0.049830377 6.1643447429568745
0.049914975 6.116507921580261
0.049999572 6.06789298822835
0.05008417 6.018517786760025
0.050168764 5.968400563082578
0.05025336 5.917559958691947
0.05033796 5.8660150035175604
0.050422557 5.813785108068008
0.050507154 5.760890054875855
0.05059175 5.707349989242062
0.050676346 5.653185409282459
0.050760943 5.598417155280974
0.05084554 5.543066398356295
0.050930135 5.487154628450813
0.051014733 5.430703641652693
0.05109933 5.373735526864019
0.051183928 5.316272651829919
0.05126852 5.258337648545527
0.05135312 5.1999533980596215
0.051437717 5.141143014695528
0.051522315 5.081929829711793
0.05160691 5.022337374426762
0.051691506 4.962389362832934
0.051776104 4.902109673728506
0.0518607 4.841522332395032
0.051945295 4.780651491851551
0.052029893 4.719521413716854
0.05211449 4.658156448712786
0.052199088 4.596581016842624
0.052283686 4.534819587279612
0.05236828 4.472896658001622
0.052452877 4.410836735208799
0.052537475 4.348664312561693
0.052622072 4.286403850278028
0.052706666 4.224079754126729
0.052791264 4.161716354358238
0.05287586 4.099337884610356
0.05296046 4.036968460829068
0.053045053 3.9746320602438128
0.05312965 3.9123525004365822
0.05321425 3.8501534185440813
0.053298846 3.7880582506318587
0.05338344 3.7260902112789394
0.053468037 3.664272273410967
0.053552635 3.6026271484192605
0.053637233 3.541177266602501
0.053721827 3.4799447579669205
0.053806424 3.4189514334199713
0.05389102 3.358218766391506
0.05397562 3.297767874915357
0.054060217 3.237619504203068
0.05414481 3.177794009740319
0.05422941 3.118311340935223
0.054314006 3.059191025346328
0.054398604 3.0004521535166946
0.054483198 2.9421133644389186
0.054567795 2.8841928316744196
0.054652393 2.8267082501486853
0.05473699 2.7696768236425426
0.054821584 2.7131152529978126
0.054906182 2.6570397250540037
0.05499078 2.601465902330958
0.055075377 2.546408913470562
0.05515997 2.4918833444489
0.05524457 2.4379032305684176
0.055329166 2.384482049237839
0.055413764 2.331632713545837
0.055498358 2.2793675666326196
0.055582955 2.227698376861864
0.055667553 2.176636333793606
0.05575215 2.126192044957032
0.05583675 2.0763755334203267
0.055921342 2.0271962361531153
0.05600594 1.9786630031753318
0.056090537 1.9307840974847852
0.056175135 1.8835671957540947
0.05625973 1.8370193897861702
0.056344327 1.7911471887159214
0.056428924 1.7459565219444941
0.05651352 1.7014527427909578
0.056598116 1.6576406328450597
0.056682713 1.6145244070034723
0.05676731 1.572107719170725
0.05685191 1.5303936686049775
0.056936502 1.4893848068877085
0.0570211 1.449083145495455
0.057105698 1.4094901639508444
0.057190295 1.370606818529338
0.05727489 1.3324335514973755
0.057359487 1.2949703008569107
0.057444084 1.2582165105707814
0.057528682 1.2221711412427891
0.057613276 1.1868326812259518
0.057697874 1.1521991581320141
0.05778247 1.1182681507149936
0.05786707 1.0850368011013387
0.057951666 1.0525018273390967
0.05803626 1.020659536238439
0.058120858 0.9895058364758501
0.058205456 0.9590362519343683
0.058290053 0.9292459352523695
0.058374647 0.900129681553586
0.058459245 0.8716819423312915
0.058543842 0.8438968394598912
0.05862844 0.8167681793075339
0.058713034 0.7902894669237591
0.05879763 0.7644539202766937
0.05888223 0.7392544845148082
0.058966827 0.7146838462288321
0.05905142 0.6907344476900228
0.05913602 0.6673985010416569
0.059220616 0.6446680024212842
0.059305213 0.6225347459920287
0.059389807 0.6009903378619724
0.059474405 0.5800262098714494
0.059559003 0.5596336332288947
0.0596436 0.5398037319767293
0.059728198 0.5205274962696252
0.05981279 0.5017957954483664
0.05989739 0.48359939089341925
0.059981987 0.4659289486432255
0.060066584 0.44877505176314
0.06015118 0.43212821245186334
0.060235776 0.4159788838731276
0.060320374 0.40031747170132775
0.06040497 0.3851343453707036
0.060489565 0.3704198490185989
0.060574163 0.35616431211423016
0.06065876 0.34235805976530065
0.060743358 0.32899142269568693
0.060827952 0.3160547468882973
0.06091255 0.3035384028880712
0.060997147 0.29143279476092543
0.061081745 0.27972836870528944
0.06116634 0.2684156213136713
0.061250936 0.2574851074824856
0.061335534 0.24692744796913638
0.06142013 0.2367333365960868
0.06150473 0.22689354710235962
0.061589323 0.21739893964360082
0.06167392 0.2082404669424982
0.06175852 0.19940918009197792
0.061843116 0.19089623401420655
0.06192771 0.1826928925789992
0.062012307 0.17479053338577955
0.062096905 0.1671806522137518
0.062181503 0.15985486714542887
0.062266096 0.15280492236911583
0.062350694 0.14602269166637005
0.06243529 0.13950018159085442
0.062519886 0.13322953434536175
0.06260449 0.12720303036412187
0.06268908 0.12141309060780817
0.062773675 0.11585227857893123
0.062858276 0.11051330206555629
0.06294287 0.10538901462149591
0.06302747 0.10047241679131907
0.063112065 0.09575665708868152
0.06319666 0.09123503273661578
0.06328126 0.08690099017853256
0.063365854 0.08274812536876724
0.063450456 0.07877018385156964
0.06353505 0.07496106063747197
0.06361964 0.07131479988598556
0.063704245 0.06782559440357282
0.06378884 0.06448778496581446
0.06387343 0.061295859472646576
0.063958034 0.058244451945479635
0.06404263 0.05532834137492903
0.06412723 0.05254245042779069
0.06421182 0.04988184402178135
0.06429642 0.04734172777643626
0.06438102 0.04491744634841591
0.06446561 0.04260448165932028
0.064550206 0.04039845102394433
0.06463481 0.03829510518673285
0.0647194 0.03629032627400862
0.064804 0.03438012566935325
0.0648886 0.032560641819320384
0.06497319 0.030828137976451533
0.06505779 0.029178999886351736
0.065142386 0.02760973342536334
0.06522699 0.026116962195152273
0.06531158 0.02469742508029524
0.065396175 0.02334797377472636
0.065480776 0.022065570282670595
0.06556537 0.020847284399458692
0.065649964 0.01969029117738509
0.065734565 0.018591868381536994
0.06581916 0.017549393940290516
0.06590376 0.016560343394938205
0.065988354 0.015622287352682944
0.06607295 0.014732888947005914
0.06615755 0.013889901309191668
0.06624214 0.01309116505457222
0.06632674 0.012334605786834195
