u pdf
0.023013216 6.365242901293376e-07
0.023097813 7.086020195832267e-07
0.023182409 7.885939375628266e-07
0.023267007 8.77340395354468e-07
0.023351602 9.75767753439747e-07
0.0234362 1.0848968322860402e-06
0.023520796 1.2058521561357962e-06
0.023605393 1.3398720603781572e-06
0.023689989 1.488319738989893e-06
0.023774587 1.65269531489308e-06
0.023859182 1.834649022927524e-06
0.02394378 2.0359956025096856e-06
0.024028376 2.2587300049839013e-06
0.024112973 2.5050445292035223e-06
0.024197571 2.7773475080501177e-06
0.024282167 3.0782836784512476e-06
0.024366764 3.4107563780360505e-06
0.02445136 3.777951722921777e-06
0.024535958 4.183364933303443e-06
0.024620553 4.630828986576451e-06
0.024705151 5.124545791714355e-06
0.024789747 5.6691200936109085e-06
0.024874344 6.2695963321375665e-06
0.02495894 6.931498697832215e-06
0.025043538 7.660874644489941e-06
0.025128134 8.464342138543409e-06
0.025212731 9.349140946076062e-06
0.025297327 1.0323188280683707e-05
0.025381925 1.1395139159273724e-05
0.02546652 1.2574451838349591e-05
0.025551118 1.3871458730467403e-05
0.025635714 1.5297443229458025e-05
0.025720311 1.6864722903789245e-05
0.025804907 1.858673955019364e-05
0.025889505 2.0478156634518882e-05
0.025974102 2.2554964683778532e-05
0.026058698 2.4834595232707534e-05
0.026143296 2.733604396987602e-05
0.026227891 3.0080003772711696e-05
0.026312489 3.308900836775379e-05
0.026397085 3.638758740223587e-05
0.026481682 4.000243376581569e-05
0.026566278 4.396258405706717e-05
0.026650876 4.8299613148373904e-05
0.026735472 5.3047843865256124e-05
0.02682007 5.824457286207792e-05
0.026904665 6.39303138456746e-05
0.026989263 7.014905937185828e-05
0.027073858 7.69485625171791e-05
0.027158456 8.438063980988492e-05
0.027243052 9.250149688991748e-05
0.02732765 0.00010137207845814954
0.027412245 0.00011105844417010435
0.027496843 0.00012163217222924596
0.027581438 0.00013317079253977816
0.027666036 0.00014575825138888896
0.027750632 0.00015948540974372458
0.02783523 0.0001744505773692037
0.027919827 0.00019076008509928474
0.028004423 0.00020852889772662365
0.02808902 0.000227881270113862
0.028173616 0.00024895144927423264
0.028258214 0.0002718844253199008
0.02834281 0.0002968367343336088
0.028427407 0.0003239773163829136
0.028512003 0.00035348843206669715
0.0285966 0.0003855666411608354
0.028681196 0.0004204238471139908
0.028765794 0.00045828841133559325
0.02885039 0.0004994063414161889
0.028934987 0.0005440425576256265
0.029019583 0.0005924822422469333
0.02910418 0.0006450322765233562
0.029188776 0.0007020227702227754
0.029273374 0.0007638086890576309
0.02935797 0.0008307715854394904
0.029442567 0.000903321438295412
0.029527163 0.000981898607928181
0.02961176 0.001066975912164156
0.029696358 0.0011590608303007441
0.029780954 0.0012586978416401571
0.029865552 0.0013664709056768385
0.029950147 0.001483006091292529
0.030034745 0.0016089743626049365
0.03011934 0.0017450945294131852
0.030203938 0.0018921363704849448
0.030288534 0.0020509239382360918
0.030373132 0.002222339053663333
0.030457728 0.0024073250007027604
0.030542325 0.0026068904295022625
0.030626921 0.0028221134784121964
0.030711519 0.0030541461248160704
0.030796114 0.00330421877524039
0.030880712 0.0035736451054988925
0.030965308 0.0038638271619410997
0.031049905 0.004176260735185919
0.031134501 0.0045125410180284
0.031219099 0.004874368559509013
0.031303696 0.005263555527429535
0.03138829 0.00568203229188614
0.031472888 0.006131854342666797
0.031557485 0.006615209553625435
0.031642083 0.007134425807397734
0.03172668 0.007691978994060588
0.031811275 0.008290501397558294
0.031895872 0.008932790483920388
0.03198047 0.009621818105477698
0.032065067 0.010360740135441342
0.03214966 0.011152906547343272
0.03223426 0.012001871953942174
0.032318857 0.0129114066202755
0.032403454 0.013885507965580914
0.032488048 0.014928412568820493
0.032572646 0.016044608692509926
0.032657243 0.017238849339487383
0.03274184 0.018516165857142126
0.032826435 0.019881882103464463
0.032911032 0.02134162918907013
0.03299563 0.022901360809090294
0.033080228 0.02456736917850314
0.03316482 0.026346301584107164
0.03324942 0.028245177565899462
0.033334017 0.03027140674012017
0.033418614 0.032432807275654126
0.033503212 0.03473762503483748
0.033587806 0.03719455338900121
0.033672404 0.03981275371828718
0.033757 0.04260187660439489
0.0338416 0.04557208372395601
0.033926193 0.0487340704491832
0.03401079 0.0520990891612996
0.034095388 0.05567897328101806
0.034179986 0.05948616201900909
0.03426458 0.06353372584786228
0.034349177 0.06783539269551093
0.034433775 0.07240557485844909
0.034518372 0.07725939663132173
0.034602966 0.08241272264760896
0.034687564 0.08788218692415627
0.03477216 0.0936852226002157
0.03485676 0.09984009235946532
0.034941353 0.10636591952115336
0.03502595 0.11328271978408441
0.03511055 0.12061143360460409
0.035195146 0.12837395918707223
0.035279743 0.13659318606252285
0.035364337 0.14529302922829415
0.035448935 0.15449846381839152
0.035533533 0.16423556027119818
0.03561813 0.1745315199578912
0.035702724 0.18541471123154687
0.03578732 0.1969147058534439
0.03587192 0.20906231574947737
0.035956517 0.2218896300459128
0.03604111 0.23543005232991393
0.03612571 0.24971833807639843
0.036210306 0.2647906321788053
0.036294904 0.28068450651729315
0.036379497 0.29743899749378044
0.036464095 0.31509464345901467
0.036548693 0.33369352195262597
0.03663329 0.3532792866727907
0.036717884 0.37389720408780125
0.03680248 0.39559418959743625
0.03688708 0.41841884314764105
0.036971677 0.44242148419760663
0.03705627 0.467654185933934
0.03714087 0.49417080862217283
0.037225466 0.5220270319816721
0.037310064 0.5512803864653506
0.03739466 0.58199028332175
0.037479255 0.6142180433125458
0.037563853 0.6480269239545979
0.03764845 0.683482145151642
0.03773305 0.7206509130768806
0.037817642 0.7596024421639895
0.03790224 0.8004079750605508
0.037986837 0.8431408003945136
0.038071435 0.8878762682011583
0.03815603 0.9346918028550661
0.038240626 0.9836669133489342
0.038325224 1.0348832007585953
0.03840982 1.0884243627314985
0.038494416 1.144376194834031
0.038579013 1.2028265885915546
0.03866361 1.2638655260538705
0.03874821 1.3275850707180066
0.038832802 1.3940793546398547
0.0389174 1.463444561566134
0.039001998 1.535778905918675
0.039086595 1.6111826074638296
0.039171193 1.6897578615012636
0.039255787 1.7716088044081895
0.039340384 1.8568414743775192
0.039424982 1.9455637671913222
0.03950958 2.0378853868743922
0.039594173 2.1339177910768488
0.03967877 2.2337741310391808
0.03976337 2.3375691859984866
0.039847966 2.4454192919003597
0.03993256 2.557442264287398
0.040017158 2.6737573152423315
0.040101755 2.7944849642715184
0.040186353 2.9197469430228784
0.040270947 3.049666093741407
0.040355545 3.1843662613750334
0.040440142 3.3239721792539756
0.04052474 3.4686093482777087
0.040609334 3.6184039095553264
0.04069393 3.7734825104574177
0.04077853 3.9339721640504908
0.040863127 4.100000101898613
0.040947724 4.271693620231124
0.041032318 4.4491799194901684
0.041116916 4.632585937287143
0.041201513 4.822038174813248
0.04128611 5.017662516765834
0.041370705 5.219584044869355
0.041455302 5.427926845087301
0.0415399 5.642813808639624
0.041624498 5.864366426958577
0.04170909 6.09270458073487
0.04179369 6.327946323225284
0.041878287 6.570207658012532
0.041962884 6.819602311427966
0.04204748 7.076241499867917
0.042132076 7.340233692254698
0.042216673 7.611684367913779
0.04230127 7.890695770159189
0.042385865 8.177366655899617
0.042470463 8.471792041598366
0.04255506 8.774062945940607
0.042639658 9.084266129581682
0.04272425 9.402483832370278
0.04280885 9.728793508459987
0.042893447 10.063267559742256
0.042978045 10.405973068052598
0.043062642 10.756971526620609
0.043147236 11.116318571252071
0.043231834 11.4840637117489
0.04331643 11.86025006408916
0.04340103 12.244914083905332
0.043485623 12.638085301813911
0.04357022 13.039786061163495
0.043654818 13.450031258781655
0.043739416 13.868828089312872
0.04382401 14.296175793750724
0.043908607 14.732065412777255
0.043993205 15.176479545530828
0.044077802 15.629392114431042
0.044162396 16.090768136694884
0.044246994 16.560563503182713
0.04433159 17.038724765215424
0.04441619 17.525188930005434
0.044500783 18.019883265343758
0.04458538 18.522725114183533
0.04466998 19.03362171975659
0.044754576 19.552470061854308
0.044839174 20.079156704896825
0.044923767 20.613557658405856
0.045008365 21.155538250485318
0.045092963 21.704953014901708
0.04517756 22.261645592341495
0.045262154 22.82544864640668
0.04534675 23.396183794891417
0.04543135 23.973661556862595
0.045515947 24.55768131604559
0.04560054 25.148031300992535
0.04568514 25.744488582485147
0.045769736 26.346819088596757
0.045854334 26.954777637809453
0.045938928 27.56810799055118
0.046023525 28.186542919485692
0.046108123 28.809804298853987
0.04619272 29.437603213130593
0.046277314 30.069640085221007
0.046361912 30.705604824388153
0.04644651 31.345176994056203
0.046531107 31.98802599959905
0.046615705 32.633811296178635
0.0467003 33.282182616655355
0.046784896 33.93278021954826
0.046869494 34.58523515697856
0.04695409 35.23916956248322
0.047038686 35.89419695854038
0.047123283 36.54992258360028
0.04720788 37.20594373836921
0.04729248 37.86185015104589
0.047377072 38.51722436116243
0.04746167 39.171642121634584
0.047546268 39.82467281857825
0.047630865 40.4758799084024
0.04771546 41.1248213716418
0.047800057 41.77105018294685
0.047884654 42.41411479660222
0.047969252 43.05355964690181
0.048053846 43.68892566266364
0.048138443 44.319750795125906
0.04822304 44.94557055842442
0.04830764 45.565918581811694
0.048392236 46.180327172739744
0.04847683 46.78832788989224
0.048561428 47.38945212521652
0.048646025 47.98323169397365
0.048730623 48.569199431793336
0.048815217 49.14688979769221
0.048899814 49.71583948198761
0.048984412 50.275588018014574
0.04906901 50.825678396532744
0.049153604 51.36565768169031
0.0492382 51.8950776273963
0.0493228 52.41349529293842
0.049407396 52.920473656672954
0.04949199 53.415582226605316
0.049576588 53.8983976466746
0.049661186 54.36850429755326
0.049745783 54.82549489077388
0.049830377 55.26897105499907
0.049914975 55.69854391325668
0.049999572 56.11383464997327
0.05008417 56.514475066650796
0.050168764 56.900108125048
0.05025336 57.270388476746504
0.05033796 57.6249829780036
0.050422557 57.963571188818555
0.050507154 58.28584585516677
0.05059175 58.591513373386555
0.050676346 58.880294235736834
0.050760943 59.151923456179325
0.05084554 59.406150975478035
0.050930135 59.64274204474894
0.051014733 59.8614775866368
0.05109933 60.062154533341214
0.051183928 60.24458614076188
0.05126852 60.40860227808291
0.05135312 60.55404969216751
0.051437717 60.680792246187984
0.051522315 60.78871113197074
0.05160691 60.877705055592905
0.051691506 60.94769039582448
0.051776104 60.998601335069225
0.0518607 61.030389962517255
0.051945295 61.04302634928288
0.052029893 61.036498595362985
0.05211449 61.01081284831262
0.052199088 60.96599329359686
0.052283686 60.90208211664001
0.05236828 60.81913943665581
0.052452877 60.717243212403524
0.052537475 60.59648912007704
0.052622072 60.45699040359462
0.052706666 60.29887769761723
0.052791264 60.12229882368264
0.05287586 59.927418559900595
0.05296046 59.71441838471147
0.053045053 59.48349619526608
0.05312965 59.23486600103841
0.05321425 58.96875759333525
0.053298846 58.68541619141703
0.05338344 58.385102065992854
0.053468037 58.068090140898484
0.053552635 57.734669573810585
0.053637233 57.38514331689217
0.053721827 57.01982765830295
0.053806424 56.63905174554593
0.05389102 56.24315709165457
0.05397562 55.832497065257115
0.054060217 55.40743636558266
0.05414481 54.96835048349934
0.05422941 54.51562514969804
0.054314006 54.04965577115453
0.054398604 53.570846857020136
0.054483198 53.079611435104376
0.054567795 52.576370460124565
0.054652393 52.06155221490428
0.05473699 51.535591705708306
0.054821584 50.99893005290242
0.054906182 50.45201387812616
0.05499078 49.89529468916167
0.055075377 49.32922826367512
0.05515997 48.754274032997124
0.05524457 48.17089446709564
0.055329166 47.57955446187972
0.055413764 46.980720729953596
0.055498358 46.374861195920786
0.055582955 45.76244439731369
0.055667553 45.143938892199266
0.05575215 44.51981267448278
0.05583675 43.89053259790216
0.055921342 43.25656380967255
0.05600594 42.618369194707
0.056090537 41.9764088313031
0.056175135 41.331139459147465
0.05625973 40.68301396045086
0.056344327 40.03248085498604
0.056428924 39.37998380975806
0.05651352 38.72596116399387
0.056598116 38.070845470093715
0.056682713 37.415063051141445
0.05676731 36.75903357552522
0.05685191 36.10316964917358
0.056936502 35.44787642586455
0.0570211 34.79355123601845
0.057105698 34.14058323433765
0.057190295 33.489353066608366
0.05727489 32.840232555932886
0.057359487 32.193584408612786
0.057444084 31.5497619398569
0.057528682 30.909108819441517
0.057613276 30.27195883740405
0.057697874 29.638635689806513
0.05778247 29.009452784560736
0.05786707 28.384713067263526
0.057951666 27.764708866948002
0.05803626 27.149721761615517
0.058120858 26.54002246337295
0.058205456 25.935870722960967
0.058290053 25.33751525342173
0.058374647 24.74519367261834
0.058459245 24.159132464284024
0.058543842 23.579546957246077
0.05862844 23.006641322438522
0.058713034 22.440608587287624
0.05879763 21.88163066702701
0.05888223 21.329878412472663
0.058966827 20.78551167376417
0.05905142 20.24867937955596
0.05913602 19.71951963112185
0.059220616 19.198159810817323
0.059305213 18.684716704327204
0.059389807 18.17929663611136
0.059474405 17.681995617447843
0.059559003 17.192899506461536
0.0596436 16.71208417951691
0.059728198 16.239615713345763
0.05981279 15.77555057727473
0.05989739 15.319935834913403
0.059981987 14.872809354661035
0.060066584 14.434200028389306
0.06015118 14.004127997659078
0.060235776 13.58260488683158
0.060320374 13.169634042438265
0.06040497 12.765210778178776
0.060489565 12.369322624923349
0.060574163 11.981949585103836
0.06065876 11.603064390886924
0.060743358 11.232632765533728
0.060827952 10.87061368736144
0.06091255 10.516959655735674
0.060997147 10.171616958535754
0.061081745 9.83452594054995
0.06116634 9.505621272273265
0.061250936 9.184832218596714
0.061335534 8.872082906894093
0.06142013 8.567292594030057
0.06150473 8.270375931831586
0.061589323 7.981243230583773
0.06167392 7.6998007201302014
0.06175852 7.4259508081776895
0.061843116 7.159592335425351
0.06192771 6.900620827157917
0.062012307 6.648928740963775
0.062096905 6.404405710258592
0.062181503 6.1669387833159615
0.062266096 5.936412657527086
0.062350694 5.712709908631856
0.06243529 5.495711214684185
0.062519886 5.285295574534548
0.06260449 5.081340520632621
0.06268908 4.883722325972726
0.062773675 4.692316205024029
0.062858276 4.50699650850656
0.06294287 4.32763691189275
0.06302747 4.154110597532339
0.063112065 3.9862904303163638
0.06319666 3.8240491268130414
0.06328126 3.66725941782524
0.063365854 3.5157942043353434
0.063450456 3.369526706818901
0.06353505 3.228330607923589
0.06361964 3.0920801885243048
0.063704245 2.9606504571791095
0.06378884 2.8339172730238538
0.06387343 2.7117574621558242
0.063958034 2.5940489275686613
0.06404263 2.480670752711981
0.06412723 2.3715032987596745
0.06421182 2.2664282956807553
0.06429642 2.1653289272158873
0.06438102 2.068089909871217
0.06446561 1.9745975660491577
0.064550206 1.8847398914429563
0.06463481 1.7984066168285728
0.0647194 1.7154892643934079
0.064804 1.6358811987467734
0.0648886 1.5594776727618807
0.06497319 1.4861758684032307
0.06505779 1.415874932697041
0.065142386 1.3484760090053265
0.06522699 1.2838822637668825
0.06531158 1.2219989088703822
0.065396175 1.1627332198263842
0.065480776 1.105994549906035
0.06556537 1.0516943404148762
0.065649964 0.9997461272703072
0.065734565 0.9500655440509379
0.06581916 0.9025703216854558
0.06590376 0.857180284947516
0.065988354 0.8138173459218022
0.06607295 0.7724054946046333
0.06615755 0.7328707868004605
0.06624214 0.6951413294732293
0.06632674 0.6591472637089841
