u pdf
0.023013216 0.0013758110878125845
0.023097813 0.0014390023509561942
0.023182409 0.0015046520203078136
0.023267007 0.001572832934836043
0.023351602 0.001643618996711127
0.0234362 0.001717085133718173
0.023520796 0.0017933072586017707
0.023605393 0.001872362225281642
0.023689989 0.001954327781882637
0.023774587 0.002039282520526381
0.023859182 0.0021273058238361446
0.02394378 0.002218477808111028
0.024028376 0.002312879263130426
0.024112973 0.0024105915885547628
0.024197571 0.00251169672689394
0.024282167 0.0026162770930205324
0.024366764 0.0027244155002107005
0.02445136 0.0028361950827019743
0.024535958 0.0029516992147634942
0.024620553 0.0030710114262809626
0.024705151 0.0031942153148655293
0.024789747 0.003321394454502946
0.024874344 0.0034526323007667515
0.02495894 0.0035880120926268296
0.025043538 0.0037276167508924927
0.025128134 0.00387152877333721
0.025212731 0.004019830126560317
0.025297327 0.004172602134649299
0.025381925 0.004329925364714778
0.02546652 0.004491879509378891
0.025551118 0.004658543266306474
0.025635714 0.004829994214877287
0.025720311 0.005006308690106357
0.025804907 0.005187561653928501
0.025889505 0.0053738265639720175
0.025974102 0.005565175239955536
0.026058698 0.005761677727851004
0.026143296 0.00596340216196469
0.026227891 0.006170414625097011
0.026312489 0.006382779006950785
0.026397085 0.006600556860966191
0.026481682 0.0068238072597693634
0.026566278 0.0070525866494298844
0.026650876 0.007286948702730752
0.026735472 0.007526944171662456
0.02682007 0.007772620739360532
0.026904665 0.00802402287171362
0.026989263 0.008281191668876274
0.027073858 0.008544164716927777
0.027158456 0.008812975939924878
0.027243052 0.009087655452602556
0.02732765 0.009368229413983034
0.027412245 0.009654719882158502
0.027496843 0.009947144670518335
0.027581438 0.010245517205696048
0.027666036 0.010549846387515443
0.027750632 0.01086013645121904
0.02783523 0.011176386832265064
0.027919827 0.011498592033981738
0.028004423 0.011826741498369786
0.02808902 0.012160819480345501
0.028173616 0.01250080492571743
0.028258214 0.012846671353190332
0.02834281 0.013198386740689225
0.028427407 0.013555913416295853
0.028512003 0.01391920795408781
0.0285966 0.014288221075168516
0.028681196 0.01466289755417319
0.028765794 0.015043176131532252
0.02885039 0.015428989431769354
0.028934987 0.015820263888106187
0.029019583 0.0162169196736404
0.02910418 0.016618870639356832
0.029188776 0.017026024259224882
0.029273374 0.017438281582627297
0.02935797 0.017855537194357198
0.029442567 0.018277679182410935
0.029527163 0.018704589113794776
0.02961176 0.019136142018552838
0.029696358 0.019572206382212874
0.029780954 0.020012644146834502
0.029865552 0.02045731072083253
0.029950147 0.020906054997734947
0.030034745 0.021358719384021847
0.03011934 0.021815139836177378
0.030203938 0.02227514590707263
0.030288534 0.02273856080178195
0.030373132 0.023205201442920164
0.030457728 0.023674878545571813
0.030542325 0.024147396701867597
0.030626921 0.024622554475246198
0.030711519 0.02510014450442275
0.030796114 0.025579953617067924
0.030880712 0.026061762953183673
0.030965308 0.026545348098144177
0.031049905 0.027030479225352084
0.031134501 0.027516921248442135
0.031219099 0.02800443398294571
0.031303696 0.02849277231731155
0.03138829 0.02898168639315915
0.031472888 0.02947092179462308
0.031557485 0.029960219746627735
0.031642083 0.030449317321913957
0.03172668 0.030937947656620342
0.031811275 0.03142584017420427
0.031895872 0.03191272081746952
0.03198047 0.03239831228845001
0.032065067 0.032882334295881506
0.03214966 0.03336450380997654
0.03223426 0.03384453532420068
0.032318857 0.0343221411237327
0.032403454 0.034797031560274756
0.032488048 0.035268915332864095
0.032572646 0.035737499774322674
0.032657243 0.0362024911429671
0.03274184 0.0366635949191879
0.032826435 0.037120516106494056
0.032911032 0.037572959536606804
0.03299563 0.03802063017817496
0.033080228 0.038463233448673646
0.03316482 0.03890047552903819
0.03324942 0.03933206368057578
0.033334017 0.039757706563689224
0.033418614 0.04017711455794005
0.033503212 0.04059000008297095
0.033587806 0.040996077919802615
0.033672404 0.04139506553201477
0.033757 0.04178668338631773
0.0338416 0.042170655272017965
0.033926193 0.0425467086188787
0.03401079 0.042914574812876714
0.034095388 0.043273989509355466
0.034179986 0.04362469294307651
0.03426458 0.04396643023467281
0.034349177 0.0442989516930106
0.034433775 0.04462201311297087
0.034518372 0.044935376068165736
0.034602966 0.04523880819811184
0.034687564 0.04553208348938933
0.03477216 0.04581498255032287
0.03485676 0.04608729287873027
0.034941353 0.046348809122293846
0.03502595 0.04659933333112061
0.03511055 0.04683867520206838
0.035195146 0.04706665231442825
0.035279743 0.04728309035656638
0.035364337 0.04748782334314266
0.035448935 0.0476806938225384
0.035533533 0.0478615530741414
0.03561813 0.048030261295152435
0.035702724 0.04818668777659518
0.03578732 0.04833071106822869
0.03587192 0.04846221913208033
0.035956517 0.04858110948433603
0.03604111 0.048687289325344246
0.03612571 0.04878067565751016
0.036210306 0.04886119539087715
0.036294904 0.04892878543621372
0.036379497 0.04898339278544506
0.036464095 0.049024974579290545
0.036548693 0.04905349816199037
0.03663329 0.04906894112302648
0.036717884 0.04907129132576594
0.03680248 0.04906054692297672
0.03688708 0.049036716359189714
0.036971677 0.048999818359902185
0.03705627 0.04894988190764187
0.03714087 0.0488869462049328
0.037225466 0.04881106062422729
0.037310064 0.04872228464489011
0.03739466 0.04862068777734434
0.037479255 0.048506349474509575
0.037563853 0.04837935903068523
0.03764845 0.04823981546805364
0.03773305 0.04808782741099794
0.037817642 0.04792351294845123
0.03790224 0.04774699948451333
0.037986837 0.04755842357759124
0.038071435 0.04735793076833895
0.03815603 0.0471456753966903
0.038240626 0.046921820408297475
0.038325224 0.046686537150704
0.03840982 0.04644000515959904
0.038494416 0.046182411935514436
0.038579013 0.04591395271134254
0.03866361 0.0456348302110659
0.03874821 0.045345254400104625
0.038832802 0.04504544222769941
0.0389174 0.04473561736176014
0.039001998 0.044416009916621355
0.039086595 0.044086856174155545
0.039171193 0.04374839829870474
0.039255787 0.04340088404629896
0.039340384 0.04304456646863726
0.039424982 0.04267970361231406
0.03950958 0.04230655821377767
0.039594173 0.04192539739051343
0.03967877 0.04153649232894668
0.03976337 0.04114011796956303
0.039847966 0.04073655268974547
0.03993256 0.040326077984827347
0.040017158 0.03990897814786066
0.040101755 0.03948553994859671
0.040186353 0.0390560523121743
0.040270947 0.03862080599800675
0.040355545 0.03818009327935493
0.040440142 0.03773420762406792
0.04052474 0.03728344337696701
0.040609334 0.03682809544434113
0.04069393 0.036368458981014345
0.04077853 0.03590482908043694
0.040863127 0.03543750046824195
0.040947724 0.03496676719969877
0.041032318 0.034492922361484
0.041116916 0.03401625777817805
0.041201513 0.03353706372388329
0.04128611 0.03305562863934618
0.041370705 0.032572238854951904
0.041455302 0.03208717831994598
0.0415399 0.031600728338221404
0.041624498 0.031113167310995206
0.04170909 0.03062477048668172
0.04179369 0.030135809718253564
0.041878287 0.029646553228364427
0.041962884 0.029157265382490586
0.04204748 0.02866820647033058
0.042132076 0.028179632495684344
0.042216673 0.027691794975015657
0.04230127 0.027204940744882975
0.042385865 0.02671931177840569
0.042470463 0.026235145010914375
0.04255506 0.025752672174914983
0.042639658 0.025272119644478456
0.04272425 0.024793708289148876
0.04280885 0.024317653337444553
0.042893447 0.02384416425000857
0.042978045 0.023373444602446773
0.043062642 0.02290569197787329
0.043147236 0.022441097869166333
0.043231834 0.02197984759091876
0.04331643 0.021522120201051702
0.04340103 0.021068088432041752
0.043485623 0.02061791863169657
0.04357022 0.02017177071339698
0.043654818 0.019729798115708665
0.043739416 0.019292147771250816
0.04382401 0.01885896008469484
0.043908607 0.01843036891975176
0.043993205 0.018006501594993486
0.044077802 0.017587478888339957
0.044162396 0.01717341505003181
0.044246994 0.01676441782389611
0.04433159 0.016360588476701618
0.04441619 0.015962021835389254
0.044500783 0.015568806331953683
0.04458538 0.015181024055742133
0.04466998 0.014798750812928535
0.044754576 0.014422056192912406
0.044839174 0.014051003641385094
0.044923767 0.013685650539799074
0.045008365 0.01332604829097014
0.045092963 0.012972242410537096
0.04517756 0.012624272623998881
0.045262154 0.012282172969045284
0.04534675 0.011945971902894082
0.04543135 0.011615692414344946
0.045515947 0.011291352140258558
0.04560054 0.010972963486168174
0.04568514 0.010660533750730164
0.045769736 0.0103540652537203
0.045854334 0.010053555467282994
0.045938928 0.009758997150142092
0.046023525 0.009470378484483583
0.046108123 0.009187683215223001
0.04619272 0.008910890791373258
0.046277314 0.008639976509232037
0.046361912 0.008374911657112002
0.04644651 0.00811566366134134
0.046531107 0.007862196233267185
0.046615705 0.007614469516999864
0.0467003 0.0073724402376415575
0.046784896 0.007136061849749167
0.046869494 0.006905284685787787
0.04695409 0.006680056104337903
0.047038686 0.006460320637826729
0.047123283 0.006246020139561482
0.04720788 0.006037093929850183
0.04729248 0.005833478941003505
0.047377072 0.005635109861019359
0.04746167 0.005441919275760311
0.047546268 0.005253837809442427
0.047630865 0.005070794263262801
0.04771546 0.004892715752001795
0.047800057 0.004719527838444918
0.047884654 0.0045511546654781404
0.047969252 0.004387519085719442
0.048053846 0.0042285427885583645
0.048138443 0.004074146424484317
0.04822304 0.003924249726593328
0.04830764 0.0037787716291718433
0.048392236 0.003637630383265001
0.04847683 0.0035007436691455803
0.048561428 0.0033680287056084305
0.048646025 0.003239402356023737
0.048730623 0.0031147812310908527
0.048815217 0.0029940817882426344
0.048899814 0.002877220427658294
0.048984412 0.0027641135848506517
0.04906901 0.002654677819801329
0.049153604 0.0025488299026248874
0.0492382 0.002446486895750198
0.0493228 0.0023475662326142787
0.049407396 0.0022519857928706764
0.04949199 0.002159663974120941
0.049576588 0.0020705197601840475
0.049661186 0.0019844727859246124
0.049745783 0.0019014433986665126
0.049830377 0.001821352716223964
0.049914975 0.0017441226815873402
0.049999572 0.0016696761143059132
0.05008417 0.0015979367586143657
0.050168764 0.0015288293283542526
0.05025336 0.0014622795487457113
0.05033796 0.0013982141950684979
0.050422557 0.001336561128314957
0.050507154 0.0012772493278808048
0.05059175 0.0012202089213625427
0.050676346 0.0011653712115330679
0.050760943 0.0011126687005694608
0.05084554 0.001062035111609127
0.050930135 0.00101340540771238
0.051014733 0.0009667158083112501
0.05109933 0.0009219038032257051
0.051183928 0.0008789081643296878
0.05126852 0.0008376689549503228
0.05135312 0.0007981275370843829
0.051437717 0.0007602265765166375
0.051522315 0.0007239100459250094
0.05160691 0.0006891232260575817
0.051691506 0.0006558127050664287
0.051776104 0.0006239263760829683
0.0518607 0.0005934134331191096
0.051945295 0.0005642243653778633
0.052029893 0.0005363109500563211
0.05211449 0.0005096262437230141
0.052199088 0.00048412457235059536
0.052283686 0.0004597615200836378
0.05236828 0.00043649391682002174
0.052452877 0.00041427982468298573
0.052537475 0.0003930785234593961
0.052622072 0.00037285049507818134
0.052706666 0.00035355740720117827
0.052791264 0.00033516209599686244
0.05287586 0.0003176285481655883
0.05296046 0.0003009218822830547
0.053045053 0.0002850083295267471
0.05312965 0.0002698552138480976
0.05321425 0.0002554309316510517
0.053298846 0.00024170493103564512
0.05338344 0.0002286476906630878
0.053468037 0.00021623069829671628
0.053552635 0.00020442642907103755
0.053637233 0.00019320832353893596
0.053721827 0.00018255076554496034
0.053806424 0.00017242905997046448
0.05389102 0.00016281941039423325
0.05397562 0.0001536988967101027
0.054060217 0.000145045452740976
0.05414481 0.00013683784388655585
0.05422941 0.00012905564484005566
0.054314006 0.0001216792174071287
0.054398604 0.00011468968845826187
0.054483198 0.0001080689280439287
0.054567795 0.0001017995276998806
0.054652393 9.586477896808711e-05
0.05473699 9.024865215700949e-05
0.054821584 8.493577536311459e-05
0.054906182 7.991141377380745e-05
0.05499078 7.516144927028338e-05
0.055075377 7.067236034717585e-05
0.05515997 6.643120236430378e-05
0.05524457 6.242558814430553e-05
0.055329166 5.864366892848448e-05
0.055413764 5.5074115701785604e-05
0.055498358 5.1706100896471356e-05
0.055582955 4.852928048277328e-05
0.055667553 4.553377645355712e-05
0.05575215 4.271015970885905e-05
0.05583675 4.004943334502589e-05
0.055921342 3.754301635212226e-05
0.05600594 3.5182727722253974e-05
0.056090537 3.296077097049619e-05
0.056175135 3.0869719069209055e-05
0.05625973 2.890249979566926e-05
0.056344327 2.705238149214374e-05
0.056428924 2.5312959236780384e-05
0.05651352 2.3678141422987757e-05
0.056598116 2.2142136744322563e-05
0.056682713 2.0699441581295434e-05
0.05676731 1.934482778594482e-05
0.05685191 1.807333085951075e-05
0.056936502 1.688023851806561e-05
0.0570211 1.5761079640525786e-05
0.057105698 1.4711613593074112e-05
0.057190295 1.3727819923667782e-05
0.05727489 1.2805888419987825e-05
0.057359487 1.1942209523902763e-05
0.057444084 1.1133365095269631e-05
0.057528682 1.0376119517677761e-05
0.057613276 9.667411138554334e-06
0.057697874 9.004344035892797e-06
0.05778247 8.384180103735373e-06
0.05786707 7.804331448437258e-06
0.057951666 7.2623530876608465e-06
0.05803626 6.755935943992888e-06
0.058120858 6.282900125043372e-06
0.058205456 5.841188481871976e-06
0.058290053 5.428860437593664e-06
0.058374647 5.044086078038902e-06
0.058459245 4.6851404963845095e-06
0.058543842 4.35039838372692e-06
0.05862844 4.038328857639885e-06
0.058713034 3.7474905208416734e-06
0.05879763 3.4765267421920943e-06
0.05888223 3.2241611523455836e-06
0.058966827 2.989193346502629e-06
0.05905142 2.7704947868265016e-06
0.05913602 2.5670048972251532e-06
0.059220616 2.3777273433378453e-06
0.059305213 2.2017264907122376e-06
0.059389807 2.0381240343090406e-06
0.059474405 1.8860957926274661e-06
0.059559003 1.7448686599046809e-06
0.0596436 1.613717710005699e-06
0.059728198 1.4919634457859605e-06
0.05981279 1.3789691878765768e-06
0.05989739 1.2741385970114317e-06
0.059981987 1.1769133241853378e-06
0.060066584 1.0867707831028744e-06
0.06015118 1.0032220395478569e-06
0.060235776 9.25809812473198e-07
0.060320374 8.541065817798383e-07
0.06040497 7.877127979210552e-07
0.060489565 7.262551886344988e-07
0.060574163 6.693851582684455e-07
0.06065876 6.167772753307138e-07
0.060743358 5.681278440482299e-07
0.060827952 5.231535558821123e-07
0.06091255 4.815902170971917e-07
0.060997147 4.4319154863591654e-07
0.061081745 4.0772805469443016e-07
0.06116634 3.7498595654317686e-07
0.061250936 3.4476618827550856e-07
0.061335534 3.168834513054004e-07
0.06142013 2.9116532456940325e-07
0.06150473 2.674514275183606e-07
0.061589323 2.455926331110996e-07
0.06167392 2.2545032814526874e-07
0.06175852 2.068957183797221e-07
0.061843116 1.8980917601830873e-07
0.06192771 1.740796272366559e-07
0.062012307 1.5960397754151396e-07
0.062096905 1.4628657285652374e-07
0.062181503 1.3403869432886224e-07
0.062266096 1.2277808494820405e-07
0.062350694 1.1242850616281652e-07
0.06243529 1.0291932276746192e-07
0.062519886 9.418511442416111e-08
0.06260449 8.616531225984234e-08
0.06268908 7.880385906453515e-08
0.062773675 7.204889169013317e-08
0.062858276 6.585244432292677e-08
0.06294287 6.017017137316839e-08
0.06302747 5.496108879197066e-08
0.063112065 5.018733268991914e-08
0.06319666 4.581393419300701e-08
0.06328126 4.180860952994269e-08
0.063365854 3.814156440063398e-08
0.063450456 3.478531172880177e-08
0.06353505 3.1714501952302565e-08
0.06361964 2.8905765052938403e-08
0.063704245 2.6337563573380154e-08
0.06378884 2.399005591242047e-08
0.06387343 2.1844969231181776e-08
0.063958034 1.9885481342223377e-08
0.06404263 1.8096110990794735e-08
0.06412723 1.6462615972856227e-08
0.06421182 1.4971898568007566e-08
0.06429642 1.3611917797209164e-08
0.06438102 1.2371608045226193e-08
0.06446561 1.1240803616142866e-08
0.064550206 1.0210168817158792e-08
0.06463481 9.271133191258258e-09
0.0647194 8.415831543305681e-09
0.064804 7.637048426732336e-09
0.0648886 6.928166779304152e-09
0.06497319 6.28312041655907e-09
0.06505779 5.696350110436426e-09
0.065142386 5.16276299844553e-09
0.06522699 4.677695085493144e-09
0.06531158 4.236876616262563e-09
0.065396175 3.836400110861668e-09
0.065480776 3.472690870383946e-09
0.06556537 3.142479772101031e-09
0.065649964 2.842778186274534e-09
0.065734565 2.570854858081525e-09
0.06581916 2.3242146089338236e-09
0.06590376 2.100578721576218e-09
0.065988354 1.8978668828105963e-09
0.06607295 1.7141805665483466e-09
0.06615755 1.5477877481765322e-09
0.06624214 1.3971088489675653e-09
0.06632674 1.2607038164984442e-09
