u pdf
0.025230631 0.010642384302951965
0.025307529 0.011232219279245432
0.025384426 0.011851618371922695
0.025461324 0.012501876176417086
0.025538221 0.013184333413697983
0.025615118 0.013900378008096492
0.025692016 0.014651446160185974
0.025768913 0.015439023412704454
0.02584581 0.016264645707408966
0.025922708 0.017129900430655216
0.025999606 0.018036427445398264
0.026076503 0.0189859201072122
0.0261534 0.019980126261828945
0.026230298 0.02102084922159821
0.026307195 0.022109948718174854
0.026384093 0.02324934182864153
0.02646099 0.024441003872180622
0.026537888 0.025686969274314842
0.026614785 0.026989332395642586
0.026691683 0.028350248321904536
0.02676858 0.029771933612128657
0.026845476 0.031256667001515054
0.026922373 0.032806790055638885
0.02699927 0.03442470777246958
0.027076168 0.03611288912862873
0.027153065 0.03787386756623509
0.027229963 0.0397102414166194
0.02730686 0.04162467425712557
0.027383758 0.04361989519715832
0.027460655 0.045698699089583544
0.027537553 0.04786394666354069
0.02761445 0.050118564574685276
0.027691348 0.052465545368846095
0.027768245 0.054907947355053645
0.027845142 0.057448894383877264
0.02792204 0.06009157552699547
0.027998937 0.06283924465392215
0.028075835 0.0656952199018134
0.028152732 0.06866288303429688
0.02822963 0.07174567868528668
0.028306527 0.0749471134837799
0.028383425 0.0782707550556762
0.028460322 0.08172023089871304
0.02853722 0.08529922712667581
0.028614117 0.08901148707911616
0.028691014 0.0928608097929002
0.02876791 0.09685104833200764
0.028844807 0.10098610797211138
0.028921705 0.10526994423659462
0.028998602 0.10970656078079388
0.0290755 0.11430000712140907
0.029152397 0.11905437620817982
0.029229295 0.12397380183510481
0.029306192 0.1290624558886669
0.02938309 0.13432454543072897
0.029459987 0.1397643096139795
0.029536884 0.14538601642803536
0.029613782 0.15119395927455068
0.02969068 0.15719245336993573
0.029767577 0.16338583197455755
0.029844474 0.16977844244757556
0.029921371 0.17637464212686002
0.029998269 0.18317879403374926
0.030075166 0.19019526240272044
0.030152064 0.19742840803638084
0.030228961 0.20488258348653288
0.030305859 0.21256212806241995
0.030382756 0.22047136266762926
0.030459654 0.22861458446750374
0.030536551 0.23699606138930662
0.030613448 0.2456200264577775
0.030690344 0.25449067196912745
0.030767241 0.26361214350693624
0.030844139 0.2729885338038381
0.030921036 0.28262387645331394
0.030997934 0.2925221394763425
0.031074831 0.30268721874810933
0.031151729 0.3131229312904154
0.031228626 0.323833008435879
0.031305525 0.33482108887048057
0.031382423 0.3460907115614497
0.03145932 0.35764530857795485
0.031536218 0.36948819781250813
0.03161311 0.3816225756114527
0.03169001 0.3940515093233484
0.031766906 0.40677792977452504
0.031843804 0.4198046236815064
0.0319207 0.4331342260104517
0.0319976 0.44676921229418315
0.032074496 0.4607118909177933
0.032151394 0.4749643953842291
0.03222829 0.4895286765716537
0.03230519 0.5044064949947697
0.032382086 0.5195994130826543
0.032458983 0.5351087874860211
0.03253588 0.5509357614271553
0.03261278 0.567081257106091
0.032689676 0.5835459681769062
0.032766573 0.6003303523082816
0.03284347 0.6174346238427394
0.032920368 0.6348587465692064
0.032997265 0.6526024266237563
0.033074163 0.6706651055335808
0.03315106 0.6890459534193811
0.033227958 0.7077438623715214
0.033304855 0.7267574400153676
0.033381753 0.7460850032813232
0.03345865 0.7657245723950988
0.033535548 0.7856738651037728
0.033612445 0.8059302911531634
0.033689342 0.8264909470319812
0.03376624 0.8473526109981371
0.033843137 0.8685117384024434
0.033920035 0.8899644573247937
0.033996932 0.9117065645376909
0.03407383 0.9337335218117699
0.034150727 0.9560404525776711
0.034227625 0.9786221389583225
0.034304522 1.0014730191853212
0.03438142 1.0245871854127335
0.034458317 1.047958381941194
0.034535214 1.0715800038647278
0.03461211 1.0954450961522137
0.03468901 1.1195463531748775
0.034765907 1.1438761186906112
0.034842804 1.168426386295333
0.0349197 1.1931888003509266
0.0349966 1.2181546573986333
0.035073496 1.2433149080660642
0.035150394 1.268660159475229
0.03522729 1.2941806781582257
0.03530419 1.319866393486408
0.035381086 1.345706901618017
0.03545798 1.3716914699684004
0.035534877 1.3978090422060412
0.035611775 1.424048243776715
0.035688672 1.450397387957141
0.03576557 1.4768444824385438
0.035842467 1.5033772364395555
0.035919365 1.5299830683468956
0.035996262 1.556649113881254
0.03607316 1.5833622347847687
0.036150057 1.6101090280254784
0.036226954 1.6368758355130464
0.03630385 1.6636487543190495
0.03638075 1.6904136473940339
0.036457647 1.7171561547724976
0.036534544 1.7438617052559195
0.03661144 1.7705155285628777
0.03668834 1.7971026679342827
0.036765236 1.8236079931806968
0.036842134 1.8500162141577026
0.03691903 1.8763118946542592
0.03699593 1.9024794666780152
0.037072826 1.9285032451205462
0.037149724 1.9543674427845632
0.03722662 1.980056185754191
0.03730352 2.0055535290885254
0.037380416 2.0308434728178155
0.037457313 2.0559099782207686
0.03753421 2.0807369843606764
0.03761111 2.1053084248573097
0.037688006 2.1296082448707834
0.037764903 2.1536204182729195
0.0378418 2.177328964981001
0.037918698 2.2007179684282017
0.037995595 2.223771593144439
0.038072493 2.246474102420902
0.03814939 2.2688098760310473
0.038226288 2.29076342798048
0.038303185 2.3123194242577805
0.038380083 2.333462700558072
0.03845698 2.3541782799508812
0.038533878 2.374451390463687
0.038610775 2.394267482552441
0.038687672 2.4136122464302936
0.03876457 2.4324716292257667
0.038841467 2.4508318519416954
0.038918365 2.4686794261863882
0.038995262 2.4860011706486516
0.03907216 2.5027842272885787
0.039149057 2.519016077216335
0.039225955 2.5346845562315248
0.03930285 2.5497778699961984
0.039379746 2.564284608815019
0.039456643 2.5781937619967144
0.03953354 2.5914947317715087
0.039610438 2.604177346739943
0.039687335 2.6162318748291966
0.039764233 2.6276490357338247
0.03984113 2.6384200128186546
0.039918028 2.64853646446248
0.039994925 2.6579905348221176
0.040071823 2.6667748639974005
0.04014872 2.6748825975786845
0.040225618 2.682307395559539
0.040302515 2.6890434405983963
0.040379412 2.695085445614093
0.04045631 2.700428660701421
0.040533207 2.7050688793540227
0.040610105 2.7090024439832185
0.040687002 2.7122262507226322
0.0407639 2.71473775350978
0.040840797 2.7165349674371067
0.040917695 2.717616471366297
0.040994592 2.717981409801043
0.04107149 2.7176294940148065
0.041148387 2.7165610024315066
0.041225284 2.714776780258413
0.04130218 2.712278238371949
0.04137908 2.709067351458422
0.041455977 2.705146655413155
0.041532874 2.7005192440027783
0.04160977 2.695188764796852
0.04168667 2.6891594143763027
0.041763566 2.6824359328274805
0.041840464 2.67502359753196
0.04191736 2.6669282162634653
0.04199426 2.6581561196045604
0.042071156 2.648714152696972
0.042148054 2.638609666340581
0.04222495 2.6278505074573033
0.04230185 2.616445008937151
0.042378746 2.604401978884891
0.042455643 2.591730689286696
0.04253254 2.578440864117228
0.04260944 2.5645426669084737
0.042686336 2.5500466878025807
0.042763233 2.5349639301117826
0.04284013 2.519305796409255
0.042917028 2.5030840741755167
0.042993926 2.48631092102563
0.043070823 2.4689988495431052
0.043147717 2.4511607117469434
0.043224614 2.432809683218781
0.04330151 2.4139592469175173
0.04337841 2.3946231767092083
0.043455306 2.374815520640303
0.043532204 2.354550583982591
0.0436091 2.333842912078389
0.043686 2.3127072730146603
0.043762896 2.291158640154813
0.043839794 2.269212174556947
0.04391669 2.246883207307271
0.04399359 2.224187221797293
0.044070486 2.2011398359732333
0.044147383 2.177756784585882
0.04422428 2.1540539014688243
0.04430118 2.130047101872649
0.044378076 2.105752364882331
0.044454973 2.0811857159445615
0.04453187 2.0563632095312814
0.044608768 2.0313009119651384
0.044685666 2.0060148844319983
0.044762563 1.9805211662049862
0.04483946 1.9548357581038642
0.044916358 1.928974606212827
0.044993255 1.9029535858790185
0.045070153 1.876788486013287
0.04514705 1.8504949937138548
0.045223948 1.8240886792327098
0.045300845 1.7975849813036218
0.045377742 1.7709991928497804
0.04545464 1.7443464470880743
0.045531537 1.7176417040460863
0.045608435 1.6908997375068668
0.045685332 1.6641351223955536
0.04576223 1.6373622226208686
0.045839127 1.6105951793835096
0.045916025 1.5838478999623866
0.045992922 1.557134046988618
0.04606982 1.5304670282161508
0.046146717 1.5038599867968
0.046223614 1.4773257920664582
0.04630051 1.450877030848177
0.04637741 1.4245259992767771
0.046454307 1.3982846951485977
0.046531204 1.3721648107989886
0.0466081 1.346177726509127
0.046685 1.3203345044427355
0.046761896 1.2946458831123189
0.046838794 1.269122272373554
0.046915688 1.2437737489455485
0.046992585 1.2186100524537455
0.047069483 1.1936405819913802
0.04714638 1.1688743931945114
0.047223277 1.1443201958248252
0.047300175 1.1199863518535862
0.047377072 1.0958808740393462
0.04745397 1.0720114249912627
0.047530867 1.048385316709166
0.047607765 1.0250095105908403
0.047684662 1.001890617896329
0.04776156 0.9790349006584663
0.047838457 0.9564482730282633
0.047915354 0.934136303043239
0.04799225 0.9121042148062806
0.04806915 0.8903568910621557
0.048146047 0.8688988761583775
0.048222944 0.8477343793767237
0.04829984 0.8268672786213677
0.04837674 0.8063011244492668
0.048453636 0.7860391444281679
0.048530534 0.7660842478073618
0.04860743 0.7464390304861092
0.04868433 0.7271057802645002
0.048761226 0.7080864823613692
0.048838124 0.6893828251838107
0.04891502 0.670996206332762
0.04899192 0.6529277388291079
0.049068816 0.6351782575447581
0.049145713 0.6177483258231975
0.04922261 0.6006382422740724
0.04929951 0.5838480477264799
0.049376406 0.5673775323257562
0.049453303 0.5512262427587185
0.0495302 0.5353934895924992
0.049607098 0.5198783547123224
0.049683996 0.5046796988438068
0.049760893 0.4897961691456374
0.04983779 0.47522620685873135
0.049914688 0.46096805499832033
0.049991585 0.4470197660756959
0.050068483 0.4333792098367007
0.05014538 0.4200440810044034
0.050222278 0.4070119070137707
0.050299175 0.3942800557265273
0.050376073 0.38184574311479735
0.05045297 0.36970604090253034
0.050529867 0.35785788415412995
0.050606765 0.34629807880013735
0.050683662 0.3350233090902511
0.050760556 0.3240301449644121
0.050837453 0.3133150493331269
0.05091435 0.3028743852586534
0.05099125 0.2927044230291285
0.051068146 0.28280134711817145
0.051145043 0.2731612630229509
0.05122194 0.26378020397416163
0.051298838 0.2546541375118076
0.051375736 0.24577897192114015
0.051452633 0.23715056252354658
0.05152953 0.22876471781762772
0.051606428 0.22061720546613814
0.051683325 0.21270375812489534
0.051760223 0.2050200791101871
0.05183712 0.1975618479016233
0.051914018 0.190324725477782
0.051990915 0.18330435948240464
0.052067813 0.17649638921927727
0.05214471 0.16989645047431612
0.052221607 0.16350018016374365
0.052298505 0.15730322080759598
0.052375402 0.15130122482814887
0.0524523 0.14548985867317948
0.052529197 0.139864806764305
0.052606095 0.1344217752709427
0.052682992 0.12915649571073512
0.05275989 0.12406472837756038
0.052836787 0.1191422655985228
0.052913684 0.11438493482156704
0.05299058 0.1097886015356068
0.05306748 0.10534917202528246
0.053144377 0.10106259596268177
0.053221274 0.09692486883855389
0.05329817 0.09293203423574052
0.05337507 0.08908018594771833
0.053451966 0.08536546994531158
0.053528864 0.08178408619478153
0.05360576 0.07833229033063534
0.05368266 0.07500639518662172
0.053759556 0.07180277218848971
0.053836454 0.06871785261218909
0.05391335 0.06574812871127568
0.05399025 0.06289015471736288
0.054067146 0.060140547717523384
0.054144043 0.057495988412601444
0.05422094 0.05495322176043718
0.05429784 0.05250905750803944
0.054374736 0.05016037061676621
0.054451633 0.047904101584585905
0.05452853 0.04573725666949855
0.054605424 0.04365690801819113
0.05468232 0.04166019370399099
0.05475922 0.03974431767816035
0.054836117 0.03790654963854822
0.054913014 0.03614422481958286
0.05498991 0.03445474370754516
0.05506681 0.03283557168501847
0.055143707 0.031284238608355816
0.055220604 0.029798338321947844
0.0552975 0.028375528113012305
0.0553744 0.027013528110555105
0.055451296 0.02571012063208439
0.055528194 0.024463149481579103
0.05560509 0.023270519202136387
0.05568199 0.022130194286637286
0.055758886 0.02104019834968525
0.055835783 0.019998613263983212
0.05591268 0.019003578264223747
0.05598958 0.018053289021475384
0.056066476 0.01714599669095299
0.056143373 0.01628000693596505
0.05622027 0.015453678930734524
0.056297168 0.014665424344692292
0.056374066 0.013913706310745146
0.056450963 0.013197038379921868
0.05652786 0.012513983464703768
0.056604758 0.011863152773248042
0.056681655 0.011243204736615222
0.056758553 0.01065284393101608
0.05683545 0.010090819996997003
0.056912348 0.009555926557388955
0.056989245 0.009047000135751515
0.057066143 0.008562919076951368
0.05714304 0.008102602471424355
0.057219937 0.007665009084581078
0.057296835 0.007249136292728981
0.057373732 0.006854019026798541
0.05745063 0.006478728725077629
0.057527527 0.00612237229607711
0.057604425 0.005784091092571031
0.057681322 0.005463059897778232
0.05775822 0.005158485924576841
0.057835117 0.004869607828571038
0.057912014 0.0045956947357590145
0.057988912 0.004336045285483142
0.05806581 0.0040899866892782424
0.058142707 0.003856873806170296
0.058219604 0.003636088234917775
0.0582965 0.003427037423629183
0.058373395 0.003229153797134762
0.058450293 0.0030418939024368834
0.05852719 0.002864737572512574
0.058604088 0.0026971871086930543
0.058680985 0.002538766481798854
0.058757883 0.0023890205521649994
0.05883478 0.0022475143086492667
0.058911677 0.0021138321266768348
0.058988575 0.0019875770453376108
0.059065472 0.0018683700635173388
0.05914237 0.0017558494550106228
0.059219267 0.0016496701025331994
0.059296165 0.0015495028505218265
0.059373062 0.001455033876583274
0.05944996 0.0013659640814288865
0.059526857 0.0012820084971080152
0.059603754 0.001202895713332259
0.059680652 0.0011283673216627552
0.05975755 0.0010581773773148282
0.059834447 0.0009920918783179176
0.059911344 0.0009298882617538513
0.05998824 0.0008713549167832108
0.06006514 0.0008162907141576243
0.060142037 0.0007645045519052157
0.060218934 0.0007158149168672409
0.06029583 0.0006700494617558612
0.06037273 0.0006270445973962336
0.060449626 0.0005866450998103063
0.060526524 0.0005487037317951117
0.06060342 0.0005130808786446849
0.06068032 0.00047964419766202313
0.060757216 0.00044826828110572034
0.060834114 0.000418834332214939
0.06091101 0.0003912298539562242
0.06098791 0.00036534835013620056
0.061064806 0.0003410890385254968
0.061141703 0.0003183565756410908
0.0612186 0.00029706079283680216
0.0612955 0.00027711644335465745
0.061372396 0.0002584429599934481
0.061449293 0.00024096422305476284
0.06152619 0.00022460833823125212
0.061603088 0.00020930742410667458
0.061679985 0.00019499740894246274
0.061756883 0.0001816178364310163
0.06183378 0.00016911168010169076
0.061910678 0.00015742516607147915
0.061987575 0.00014650760383857258
0.062064473 0.00013631122482343647
0.06214137 0.00012679102836858148
0.062218264 0.00011790463491493667
0.06229516 0.00010961214607952947
0.06237206 0.00010187601136609063
0.062448956 9.466090124716383e-05
0.06252585 8.793358636330756e-05
0.06260275 8.166282259201057e-05
0.06267965 7.581924174598853e-05
0.062756546 7.037524766755074e-05
0.06283344 6.53049174927398e-05
0.06291034 6.058390786591057e-05
0.06298724 5.6189365892326196e-05
0.063064136 5.209984462320381e-05
0.06314103 4.829522287440831e-05
0.06321793 4.475662918669023e-05
0.06329483 4.1466369741947385e-05
0.063371725 3.840786005648811e-05
0.06344862 3.556556027864925e-05
0.06352552 3.29249139243885e-05
0.06360242 3.0472289890609146e-05
0.063679315 2.8194927591991087e-05
0.06375621 2.6080885072982394e-05
0.06383311 2.4118989952351784e-05
0.06391001 2.229879306331034e-05
0.063986905 2.0610524657678167e-05
0.0640638 1.90450530478936e-05
0.0641407 1.759384556584394e-05
0.0642176 1.6248931722529666e-05
0.064294495 1.500286845746246e-05
0.06437139 1.3848707371440125e-05
0.06444829 1.2779963840937756e-05
0.06452519 1.1790587916807367e-05
0.064602084 1.0874936914283906e-05
