u pdf
0.023013216 0.4576194827970824
0.023097813 0.4751551004518342
0.023182409 0.4932077914217928
0.023267007 0.5117856513964315
0.023351602 0.53089657843253
0.0234362 0.5505482554083219
0.023520796 0.570748132163674
0.023605393 0.5915034073488377
0.023689989 0.6128210100057934
0.023774587 0.6347075809077026
0.023859182 0.6571694536834409
0.02394378 0.6802126357556567
0.024028376 0.7038427891222296
0.024112973 0.728065211012414
0.024197571 0.7528848144503412
0.024282167 0.7783061087598938
0.024366764 0.8043331800462789
0.02445136 0.8309696716908809
0.024535958 0.8582187648971995
0.024620553 0.8860831593268153
0.024705151 0.9145650538654385
0.024789747 0.9436661275601137
0.024874344 0.9733875207696163
0.02495894 1.0037298165709583
0.025043538 1.0346930224657163
0.025128134 1.0662765524306197
0.025212731 1.0984792093574507
0.025297327 1.1312991679278401
0.025381925 1.1647339579689733
0.02546652 1.1987804483365423
0.025551118 1.2334348313714973
0.025635714 1.2686926079772554
0.025720311 1.3045485733640068
0.025804907 1.340996803506641
0.025889505 1.3780306423625444
0.025974102 1.4156426898951546
0.026058698 1.4538247909486555
0.026143296 1.4925680250185358
0.026227891 1.531862696962008
0.026312489 1.571698328691338
0.026397085 1.6120636518921456
0.026481682 1.6529466018075416
0.026566278 1.694334312127657
0.026650876 1.736213111022725
0.026735472 1.778568518356251
0.02682007 1.8213852441131384
0.026904665 1.8646471880757947
0.026989263 1.9083374407792681
0.027073858 1.952438285774386
0.027158456 1.9969312032256423
0.027243052 2.0417968748682513
0.02732765 2.087015190346328
0.027412245 2.132565254951593
0.027496843 2.1784253987793307
0.027581438 2.224573187315536
0.027666036 2.2709854334663495
0.027750632 2.317638211037871
0.02783523 2.3645068696714397
0.027919827 2.4115660512363064
0.028004423 2.4587897076784597
0.02808902 2.5061511203210878
0.028173616 2.553622920608861
0.028258214 2.601177112284852
0.02834281 2.6487850949855245
0.028427407 2.6964176892358003
0.028512003 2.7440451628227405
0.0285966 2.791637258522988
0.028681196 2.839163223155593
0.028765794 2.8865918379284556
0.02885039 2.9338914500431645
0.028934987 2.9810300055196346
0.029019583 3.027975083198589
0.02910418 3.0746939298766196
0.029188776 3.1211534965253263
0.029273374 3.167320475542869
0.02935797 3.213161338983154
0.029442567 3.258642377704899
0.029527163 3.3037297413799154
0.02961176 3.348389479297136
0.029696358 3.39258758189629
0.029780954 3.4362900229625466
0.029865552 3.479462802411069
0.029950147 3.522071989588165
0.030034745 3.564083767013615
0.03011934 3.605464474486833
0.030203938 3.6461806534777397
0.030288534 3.686199091721661
0.030373132 3.7254868679361426
0.030457728 3.7640113965763744
0.030542325 3.8017404725449087
0.030626921 3.8386423157705387
0.030711519 3.8746856155705935
0.030796114 3.9098395747105297
0.030880712 3.944073953074499
0.030965308 3.977359110860617
0.031049905 4.009666051214912
0.031134501 4.040966462218386
0.031219099 4.071232758142358
0.031303696 4.100438119888093
0.03138829 4.12855653452795
0.031472888 4.1555628338665365
0.031557485 4.181432731941985
0.031642083 4.206142861389222
0.03172668 4.229670808589057
0.031811275 4.251995147529176
0.031895872 4.27309547230545
0.03198047 4.292952428194558
0.032065067 4.311547741231775
0.03214966 4.328864246230593
0.03223426 4.344885913184117
0.032318857 4.35959787199135
0.032403454 4.372986435455001
0.032488048 4.385039120501053
0.032572646 4.395744667573984
0.032657243 4.4050930581655425
0.03274184 4.413075530438783
0.032826435 4.419684592913335
0.032911032 4.424914036181932
0.03299563 4.428758942632588
0.033080228 4.431215694155057
0.03316482 4.432281977814737
0.03324942 4.43195678948152
0.033334017 4.430240435405615
0.033418614 4.427134531736919
0.033503212 4.422642001988948
0.033587806 4.416767072452932
0.033672404 4.409515265572121
0.033757 4.40089339129086
0.0338416 4.390909536397404
0.033926193 4.379573051883783
0.03401079 4.366894538350442
0.034095388 4.352885829487474
0.034179986 4.337559973668529
0.03426458 4.320931213697452
0.034349177 4.303014964751655
0.034433775 4.2838277905700455
0.034518372 4.263387377936988
0.034602966 4.241712509517311
0.034687564 4.218823035100768
0.03477216 4.194739841317548
0.03485676 4.169484819889509
0.034941353 4.143080834484643
0.03502595 4.115551686245008
0.03511055 4.086922078060821
0.035195146 4.0572175776657105
0.035279743 4.026464579630246
0.035364337 3.9946902663327175
0.035448935 3.9619225679878363
0.035533533 3.928190121815477
0.03561813 3.893522230432843
0.035702724 3.8579488195544585
0.03578732 3.821500395085195
0.03587192 3.784207999692125
0.035956517 3.746103168941401
0.03604111 3.7072178870864403
0.03612571 3.667584542593712
0.036210306 3.6272358834920646
0.036294904 3.586204972631093
0.036379497 3.544525142933325
0.036464095 3.5022299527240834
0.036548693 3.459353141221808
0.03663329 3.4159285842702944
0.036717884 3.371990250392836
0.03680248 3.3275721572465766
0.03688708 3.2827083285535394
0.036971677 3.2374327515827876
0.03705627 3.1917793352559993
0.03714087 3.1457818689464134
0.037225466 3.0994739820386386
0.037310064 3.0528891043142172
0.03739466 3.006060427225107
0.037479255 2.9590208661144053
0.037563853 2.911803023440686
0.03764845 2.8644391530592905
0.03773305 2.8169611256107583
0.037817642 2.769400395063406
0.03790224 2.7217879664537685
0.037986837 2.674154364865301
0.038071435 2.626529605682361
0.03815603 2.5789431661530844
0.038240626 2.531423958291335
0.038325224 2.4840003031444584
0.03840982 2.436699906450117
0.038494416 2.389549835702035
0.038579013 2.342576498641044
0.03866361 2.295805623184418
0.03874821 2.2492622388030967
0.038832802 2.20297065935306
0.0389174 2.156954467363839
0.039001998 2.1112364997839204
0.039086595 2.065838835179609
0.039171193 2.020782782380877
0.039255787 1.9760888705646662
0.039340384 1.931776840763223
0.039424982 1.887865638782207
0.03950958 1.8443734095105828
0.039594173 1.8013174926016882
0.03967877 1.758714419502355
0.03976337 1.7165799118045604
0.039847966 1.67492888089181
0.03993256 1.6337754288502913
0.040017158 1.593132850612807
0.040101755 1.553013637301593
0.040186353 1.5134294807343482
0.040270947 1.474391279056174
0.040355545 1.435909143458583
0.040440142 1.3979924059454063
0.04052474 1.360649628104146
0.040609334 1.323888610840241
0.04069393 1.2877164050307297
0.04077853 1.2521393230529698
0.040863127 1.2171629511433497
0.040947724 1.1827921625403721
0.041032318 1.1490311313660297
0.041116916 1.1158833471990817
0.041201513 1.0833516302936386
0.04128611 1.0514381473963927
0.041370705 1.020144428115869
0.041455302 0.9894713817972351
0.0415399 0.9594193148564635
0.041624498 0.9299879485280318
0.04170909 0.901176436980804
0.04179369 0.8729833857573182
0.041878287 0.845406870492375
0.041962884 0.8184444558675708
0.04204748 0.792093214759261
0.042132076 0.7663497475383618
0.042216673 0.7412102014813783
0.04230127 0.7166702902531231
0.042385865 0.6927253134227022
0.042470463 0.669370175975528
0.04255506 0.6465994077853635
0.042639658 0.6244071830116749
0.04272425 0.6027873393889008
0.04280885 0.5817333973756149
0.042893447 0.5612385791329431
0.042978045 0.5412958273030362
0.043062642 0.5218978235598336
0.043147236 0.5030370069058244
0.043231834 0.4847055916899909
0.04331643 0.4668955853236024
0.04340103 0.4495988056720259
0.043485623 0.43280689810219997
0.04357022 0.4165113521669183
0.043654818 0.40070351790853803
0.043739416 0.38537462176619786
0.04382401 0.3705157820720873
0.043908607 0.35611802412373034
0.043993205 0.34217229482066824
0.044077802 0.32866947685530123
0.044162396 0.3156004024490138
0.044246994 0.3029558666260252
0.04433159 0.29072664001870785
0.04441619 0.27890348119936775
0.044500783 0.26747714853469934
0.04458538 0.25643841156031355
0.04466998 0.24577806187386714
0.044754576 0.23548692354642475
0.044839174 0.22555586305273326
0.044923767 0.21597579872209327
0.045008365 0.20673770971247982
0.045092963 0.1978326445114685
0.04517756 0.1892517289684005
0.045262154 0.18098617386302981
0.04534675 0.17302728201667408
0.04543135 0.16536645495260868
0.045515947 0.15799519911312207
0.04560054 0.15090513164127645
0.04568514 0.14408798573599751
0.045769736 0.13753561558965233
0.045854334 0.1312400009177591
0.045938928 0.1251932510909162
0.046023525 0.11938760887943274
0.046108123 0.11381545382149783
0.04619272 0.10846930522603564
0.046277314 0.1033418248216604
0.046361912 0.09842581906337645
0.04644651 0.0937142411088554
0.046531107 0.08920019247627499
0.046615705 0.0848769243958178
0.0467003 0.08073783886700887
0.046784896 0.07677648943411565
0.046869494 0.07298658169184866
0.04695409 0.06936197353358457
0.047038686 0.06589667515428568
0.047123283 0.06258484882021868
0.04720788 0.05942080841747366
0.04729248 0.056399018791162624
0.047377072 0.05351409488702792
0.04746167 0.05076080070702411
0.047546268 0.04813404809024856
0.047630865 0.04562889533038939
0.04771546 0.04324054564063665
0.047800057 0.04096434547676508
0.047884654 0.038795782728842765
0.047969252 0.036730484791757285
0.048053846 0.03476421652447486
0.048138443 0.032892878107661463
0.04822304 0.031112502809002532
0.04830764 0.029419254665256078
0.048392236 0.027809426089767542
0.04847683 0.026279435413862313
0.048561428 0.024825824370217298
0.048646025 0.023445255525994028
0.048730623 0.022134509673196776
0.048815217 0.02089048318339864
0.048899814 0.019710185333658325
0.048984412 0.018590735610131925
0.04906901 0.017529360995566866
0.049153604 0.01652339324655095
0.0492382 0.015570266166078633
0.0493228 0.014667512876690393
0.049407396 0.013812763099138408
0.04949199 0.01300374044123553
0.049576588 0.012238259701253308
0.049661186 0.01151422418995024
0.049745783 0.010829623075033037
0.049830377 0.01018252875158302
0.049914975 0.009571094241715518
0.049999572 0.008993550626484537
0.05008417 0.00844820451279646
0.050168764 0.007933435537856423
0.05025336 0.007447693913439415
0.05033796 0.006989498012054393
0.050422557 0.006557431996855108
0.050507154 0.006150143496944673
0.05059175 0.005766341329523539
0.050676346 0.005404793270141156
0.050760943 0.0050643238721313
0.05084554 0.004743812336139177
0.050930135 0.004442190430484986
0.051014733 0.0041584404629536895
0.05109933 0.003891593304454244
0.051183928 0.0036407264648529187
0.05126852 0.0034049622211552904
0.05135312 0.0031834657980886706
0.051437717 0.0029754436010224075
0.051522315 0.0027801415010559626
0.05160691 0.0025968431720051043
0.051691506 0.0024248684789237936
0.051776104 0.002263571917713486
0.0518607 0.0021123411052928207
0.051945295 0.0019705953197277923
0.052029893 0.0018377840896565338
0.05211449 0.0017133858322823303
0.052199088 0.001596906539154236
0.052283686 0.001487878508905526
0.05236828 0.0013858591260768212
0.052452877 0.0012904296851119778
0.052537475 0.0012011942585813003
0.052622072 0.0011177786086573628
0.052706666 0.001039829140844083
0.052791264 0.0009670118989389793
0.05287586 0.0008990116001918423
0.05296046 0.000835530709609962
0.053045053 0.0007762885523505086
0.05312965 0.0007210204631341611
0.05321425 0.0006694769716109084
0.053298846 0.0006214230226082603
0.05338344 0.0005766372301943578
0.053468037 0.0005349111644928917
0.053552635 0.0004960486701936322
0.053637233 0.00045986521571113656
0.053721827 0.00042618727195504504
0.053806424 0.0003948517196877755
0.05389102 0.0003657052844595315
0.05397562 0.0003386039981260049
0.054060217 0.00031341268597086014
0.05414481 0.0002900044784730087
0.05422941 0.0002682603467775258
0.054314006 0.0002480686609488239
0.054398604 0.00022932477010521163
0.054483198 0.0002119306035551084
0.054567795 0.00019579429207688498
0.054652393 0.0001808298085064357
0.05473699 0.00016695662681905129
0.054821584 0.0001540993989149232
0.054906182 0.00014218764834049845
0.05499078 0.00013115548020094564
0.055075377 0.00012094130654202086
0.05515997 0.00011148758650265896
0.05524457 0.00010274058056251399
0.055329166 9.465011823147233e-05
0.055413764 8.716937855071201e-05
0.055498358 8.025468279723604e-05
0.055582955 7.38652988058363e-05
0.055667553 6.796325634417611e-05
0.05575215 6.25131729980413e-05
0.05583675 5.748209004479488e-05
0.055921342 5.2839317813628726e-05
0.05600594 4.8556290051349835e-05
0.056090537 4.460642683210507e-05
0.056175135 4.0965005568662215e-05
0.05625973 3.760903970158068e-05
0.056344327 3.4517164660828716e-05
0.056428924 3.1669530712123876e-05
0.05651352 2.9047702317471356e-05
0.056598116 2.6634563656068562e-05
0.056682713 2.441422996790363e-05
0.05676731 2.2371964398026437e-05
0.05685191 2.049410003459067e-05
0.056936502 1.8767966848375838e-05
0.0570211 1.718182325558685e-05
0.057105698 1.572479203931407e-05
0.057190295 1.4386800378112264e-05
0.05727489 1.3158523742740963e-05
0.057359487 1.2031333434199886e-05
0.057444084 1.099724754780695e-05
0.057528682 1.0048885159206934e-05
0.057613276 9.179423538881223e-06
0.057697874 8.38255821195869e-06
0.05778247 7.652465689920097e-06
0.05786707 6.98376871015146e-06
0.057951666 6.3715038282497195e-06
0.05803626 5.8110912165265255e-06
0.058120858 5.298306530307412e-06
0.058205456 4.829254711393918e-06
0.058290053 4.400345605459495e-06
0.058374647 4.0082712771976595e-06
0.058459245 3.6499849137452183e-06
0.058543842 3.322681213276871e-06
0.05862844 3.0237781617226856e-06
0.058713034 2.750900106307351e-06
0.05879763 2.5018620400637694e-06
0.05888223 2.2746550166434374e-06
0.058966827 2.0674326196442128e-06
0.05905142 1.8784984153140273e-06
0.05913602 1.7062943218777168e-06
0.059220616 1.5493898328838333e-06
0.059305213 1.4064720358903268e-06
0.059389807 1.2763363715117623e-06
0.059474405 1.1578780813470855e-06
0.059559003 1.050084296604605e-06
0.0596436 9.520267223501222e-07
0.059728198 8.628548752332337e-07
0.05981279 7.817898353053289e-07
0.05989739 7.081184751384323e-07
0.059981987 6.411881318954963e-07
0.060066584 5.804016902976839e-07
0.06015118 5.25213046590156e-07
0.060235776 4.7512292563220835e-07
0.060320374 4.296750251372591e-07
0.06040497 3.8845246286985297e-07
0.060489565 3.5107450427695025e-07
0.060574163 3.1719354959543023e-07
0.06065876 2.864923609427745e-07
0.060743358 2.586815112690416e-07
0.060827952 2.3349703833069413e-07
0.06091255 2.1069828804575782e-07
0.060997147 1.9006593271005223e-07
0.061081745 1.714001506004029e-07
0.06116634 1.5451895446723743e-07
0.061250936 1.3925665732997072e-07
0.061335534 1.2546246483801438e-07
0.06142013 1.1299918425189555e-07
0.06150473 1.0174204083639735e-07
0.061589323 9.157759314416257e-08
0.06167392 8.240273930709379e-08
0.06175852 7.412380704707712e-08
0.061843116 6.665572066996827e-08
0.06192771 5.992123882004952e-08
0.062012307 5.3850257248854735e-08
0.062096905 4.837917129475213e-08
0.062181503 4.345029318024002e-08
0.062266096 3.9011319614631336e-08
0.062350694 3.501484554273279e-08
0.06243529 3.141792020708078e-08
0.062519886 2.8181641994092927e-08
0.06260449 2.527078881474892e-08
0.06268908 2.2653481029704184e-08
0.062773675 2.030087416851433e-08
0.062858276 1.818687891426859e-08
0.06294287 1.628790602968177e-08
0.06302747 1.4582634089769455e-08
0.063112065 1.3051798060753228e-08
0.06319666 1.1677996925852093e-08
0.06328126 1.0445518707097817e-08
0.063365854 9.340181369173562e-09
0.063450456 8.349188217370457e-09
0.06353505 7.460996517880563e-09
0.06361964 6.6651981755361275e-09
0.063704245 5.95241140245459e-09
0.06378884 5.3141824014997156e-09
0.06387343 4.7428961716158075e-09
0.063958034 4.2316956184937435e-09
0.06404263 3.7744082241972744e-09
0.06412723 3.3654795937982218e-09
0.06421182 2.9999132561833087e-09
0.06429642 2.67321615041695e-09
0.06438102 2.381349278757277e-09
0.06446561 2.1206830529811282e-09
0.064550206 1.8879569024074786e-09
0.06463481 1.6802427502215715e-09
0.0647194 1.4949119996767506e-09
0.064804 1.329605703747437e-09
0.0648886 1.182207621066227e-09
0.06497319 1.0508198877236426e-09
0.06505779 9.337410589454288e-10
0.065142386 8.294462969805255e-10
0.06522699 7.365695019064077e-10
0.06531158 6.538872006504541e-10
0.065396175 5.803040264837247e-10
0.065480776 5.148396367051723e-10
0.06556537 4.56616930325058e-10
0.065649964 4.0485144039311263e-10
0.065734565 3.588417873059394e-10
0.06581916 3.179610900678078e-10
0.06590376 2.816492421593236e-10
0.065988354 2.4940596747245643e-10
0.06607295 2.207845797739417e-10
0.06615755 1.9538637643209184e-10
0.06624214 1.7285560374827413e-10
0.06632674 1.528749372326794e-10
