u pdf
0.023013216 0.050209163375390005
0.023097813 0.052625605160840846
0.023182409 0.05514189644228074
0.023267007 0.057761286389695174
0.023351602 0.060487086386742724
0.0234362 0.06332266910722967
0.023520796 0.06627146746511542
0.023605393 0.0693369734339392
0.023689989 0.07252273673287354
0.023774587 0.07583236337555889
0.023859182 0.07926951407871757
0.02394378 0.0828379025274749
0.024028376 0.08654129349451815
0.024112973 0.0903835008104123
0.024197571 0.09436838518259039
0.024282167 0.09849985186075268
0.024366764 0.10278184814663693
0.02445136 0.10721836074636493
0.024535958 0.11181341296382859
0.024620553 0.11657106173385005
0.024705151 0.12149539449413303
0.024789747 0.1265905258953246
0.024874344 0.13186059434881464
0.02495894 0.1373097584122263
0.025043538 0.14294219301288857
0.025128134 0.1487620855099276
0.025212731 0.1547736315959785
0.025297327 0.16098103103988662
0.025381925 0.1673884832721508
0.02546652 0.1740001828152535
0.025551118 0.1808203145614203
0.025635714 0.18785304890076324
0.025720311 0.19510253670317618
0.025804907 0.20257290415777315
0.025889505 0.21026824747409018
0.025974102 0.21819262744970339
0.026058698 0.22635006390935064
0.026143296 0.23474453002108597
0.026227891 0.24337994649543532
0.026312489 0.25226017567396136
0.026397085 0.26138901551408755
0.026481682 0.270770193477468
0.026566278 0.28040736032962255
0.026650876 0.29030408385899037
0.026735472 0.30046384252397446
0.02682007 0.3108900190369686
0.026904665 0.3215858938947658
0.026989263 0.3325546388651431
0.027073858 0.34379931043980755
0.027158456 0.35532284326425645
0.027243052 0.36712804355547013
0.02732765 0.3792175825186929
0.027412245 0.3915939897748905
0.027496843 0.4042596468107754
0.027581438 0.417216780463583
0.027666036 0.4304674564530486
0.027750632 0.444013572973278
0.02783523 0.45785685435743023
0.027919827 0.47199884482832166
0.028004423 0.48644090234823667
0.02808902 0.5011841925813683
0.028173616 0.5162296829824311
0.028258214 0.5315781370250705
0.02834281 0.5472301085837491
0.028427407 0.5631859364828129
0.028512003 0.5794457392264362
0.0285966 0.5960094099230918
0.028681196 0.6128766114181315
0.028765794 0.6300467716479419
0.02885039 0.6475190792289973
0.028934987 0.6652924792944853
0.029019583 0.6833656695942592
0.02910418 0.7017370968637786
0.029188776 0.7204049534837113
0.029273374 0.7393671744353629
0.02935797 0.7586214345663836
0.029442567 0.7781651461776123
0.029527163 0.7979954569419497
0.02961176 0.81810924816632
0.029696358 0.8385031334028111
0.029780954 0.8591734574279324
0.029865552 0.8801162955861377
0.029950147 0.9013274535153053
0.030034745 0.9228024672580022
0.03011934 0.9445366037661037
0.030203938 0.9665248618050057
0.030288534 0.9887619732629787
0.030373132 1.0112424048704445
0.030457728 1.0339603603332088
0.030542325 1.056909782882886
0.030626921 1.080084358246935
0.030711519 1.1034775180399141
0.030796114 1.127082443576684
0.030880712 1.1508920701074636
0.030965308 1.174899091473726
0.031049905 1.1990959651830573
0.031134501 1.2234749179002045
0.031219099 1.2480279513506132
0.031303696 1.2727468486318632
0.03138829 1.2976231809274934
0.031472888 1.3226483146167927
0.031557485 1.347813418773219
0.031642083 1.3731094730432103
0.03172668 1.3985272758962541
0.031811275 1.4240574532361792
0.031895872 1.4496904673627746
0.03198047 1.475416626271968
0.032065067 1.5012260932819477
0.03214966 1.5271088969718023
0.03223426 1.5530549414184214
0.032318857 1.5790540167166611
0.032403454 1.6050958097669707
0.032488048 1.6311699153140062
0.032572646 1.65726584721903
0.032657243 1.68337304994824
0.03274184 1.7094809102585515
0.032826435 1.7355787690617661
0.032911032 1.7616559334475046
0.03299563 1.7877016888447796
0.033080228 1.8137053113016035
0.03316482 1.8396560798616255
0.03324942 1.8655432890163781
0.033334017 1.8913562612114234
0.033418614 1.9170843593843618
0.033503212 1.942716999512461
0.033587806 1.9682436631474627
0.033672404 1.993653909914984
0.033757 2.0189373899558536
0.0338416 2.044083856286683
0.033926193 2.069083177056986
0.03401079 2.093925347680243
0.034095388 2.1186005028163972
0.034179986 2.1430989281834893
0.03426458 2.167411072176306
0.034349177 2.191527557270231
0.034433775 2.215439191188803
0.034518372 2.23913697781385
0.034602966 2.262612127817502
0.034687564 2.2858560689981933
0.03477216 2.3088604562868955
0.03485676 2.331617181439617
0.034941353 2.3541183823506486
0.03502595 2.3763564520039524
0.03511055 2.3983240470293214
0.035195146 2.4200140958616077
0.035279743 2.4414198064560995
0.035364337 2.462534673587053
0.035448935 2.483352485683739
0.035533533 2.503867331203503
0.03561813 2.524073604527451
0.035702724 2.543966011367407
0.03578732 2.5635395736737188
0.03587192 2.5827896340344996
0.035956517 2.6017118595578537
0.03604111 2.6203022452296616
0.03612571 2.638557116740521
0.036210306 2.6564731327764854
0.036294904 2.6740472867692655
0.036379497 2.691276908102645
0.036464095 2.7081596627729065
0.036548693 2.7246935535021137
0.03663329 2.74087691930419
0.036717884 2.756708434504751
0.03680248 2.7721871072167383
0.03688708 2.7873122772749346
0.036971677 2.80208361363346
0.03705627 2.8165011112314047
0.03714087 2.830565087332739
0.037225466 2.8442761773476333
0.037310064 2.8576353301433164
0.03739466 2.8706438028535217
0.037479255 2.883303155196532
0.037563853 2.8956152433126987
0.03764845 2.907582213133244
0.03773305 2.9192064932929447
0.037817642 2.9304907876001582
0.03790224 2.9414380670784204
0.037986837 2.9520515615946104
0.038071435 2.962334751089393
0.03815603 2.9722913564263207
0.038240626 2.9819253298766664
0.038325224 2.9912408452576362
0.03840982 3.0002422877421906
0.038494416 3.0089342433592456
0.038579013 3.01732148820353
0.03866361 3.0254089773748043
0.03874821 3.0332018336665922
0.038832802 3.0407053360249163
0.0389174 3.04792490779791
0.039001998 3.0548661047974135
0.039086595 3.061534603193966
0.039171193 3.0679361872667728
0.039255787 3.0740767370304303
0.039340384 3.0799622157603053
0.039424982 3.0855986574385295
0.03950958 3.0909921541426817
0.039594173 3.096148843399166
0.03967877 3.1010748955233205
0.03976337 3.1057765009681892
0.039847966 3.1102598577038045
0.03993256 3.1145311586486732
0.040017158 3.1185965791727943
0.040101755 3.122462264707008
0.040186353 3.1261343184452346
0.040270947 3.1296187892086436
0.040355545 3.132921659448328
0.040440142 3.136048833441886
0.04052474 3.1390061256726174
0.040609334 3.1417992494328986
0.04069393 3.1444338056614365
0.04077853 3.1469152720344495
0.040863127 3.149248992328757
0.040947724 3.151440166074214
0.041032318 3.153493838512448
0.041116916 3.1554148908782516
0.041201513 3.157208031019436
0.04128611 3.1588777843703415
0.041370705 3.160428485293583
0.041455302 3.161864268803985
0.0415399 3.163189062687985
0.041624498 3.16440658003115
0.04170909 3.165520312165716
0.04179369 3.1665335220494253
0.041878287 3.1674492380861765
0.041962884 3.1682702483982803
0.04204748 3.1689990955594207
0.042132076 3.1696380717966295
0.042216673 3.170189214668859
0.04230127 3.1706543032289454
0.042385865 3.171034854675028
0.042470463 3.1713321214966688
0.04255506 3.1715470891201565
0.042639658 3.1716804740566973
0.04272425 3.1717327225563965
0.04280885 3.1717040097701203
0.042893447 3.171594239420579
0.042978045 3.1714030439831227
0.043062642 3.1711297853759874
0.043147236 3.170773556158883
0.043231834 3.1703331812380813
0.04331643 3.1698072200752954
0.04340103 3.169193969396912
0.043485623 3.1684914663993067
0.04357022 3.1676974924452184
0.043654818 3.166809577245357
0.043739416 3.1658250035186635
0.04382401 3.1647408121238643
0.043908607 3.1635538076542256
0.043993205 3.1622605644866244
0.044077802 3.1608574332753756
0.044162396 3.159340547880457
0.044246994 3.1577058327191314
0.04433159 3.1559490105292043
0.04441619 3.1540656105314886
0.044500783 3.1520509769784044
0.04458538 3.1499002780749112
0.04466998 3.1476085152574202
0.044754576 3.145170532815631
0.044839174 3.1425810278416924
0.044923767 3.13983456049046
0.045008365 3.136925564534092
0.045092963 3.1338483581936845
0.04517756 3.1305971552300846
0.045262154 3.127166076274118
0.04534675 3.123549160386049
0.04543135 3.1197403768042684
0.045515947 3.11573363689264
0.04560054 3.1115228062331273
0.04568514 3.1071017168854014
0.045769736 3.1024641797462458
0.045854334 3.0976039970210256
0.045938928 3.0925149747729805
0.046023525 3.087190935531001
0.046108123 3.081625730934231
0.04619272 3.0758132543917056
0.046277314 3.069747453735092
0.046361912 3.063422343842541
0.04644651 3.056832019211621
0.046531107 3.0499706664592785
0.046615705 3.0428325767268323
0.0467003 3.0354121579680666
0.046784896 3.0277039470986358
0.046869494 3.0197026219850853
0.04695409 3.0114030132520897
0.047038686 3.0028001158866484
0.047123283 2.9938891006183272
0.04720788 2.984665325054934
0.04729248 2.975124344553369
0.047377072 2.9652619228058126
0.04746167 2.9550740421218413
0.047546268 2.944556913387568
0.047630865 2.933706985683387
0.04771546 2.922520955542528
0.047800057 2.910995775833158
0.047884654 2.89912866424746
0.047969252 2.8869171113817673
0.048053846 2.8743588883925573
0.048138443 2.861452054213826
0.04822304 2.848194962322202
0.04830764 2.834586267036891
0.048392236 2.82062492934245
0.04847683 2.8063102222232303
0.048561428 2.79164173549922
0.048646025 2.7766193801539565
0.048730623 2.7612433921461124
0.048815217 2.7455143356973353
0.048899814 2.7294331060498926
0.048984412 2.7130009316887125
0.04906901 2.696219376023367
0.049153604 2.6790903385266605
0.0492382 2.661616055327449
0.0493228 2.64379909925644
0.049407396 2.6256423793447023
0.04949199 2.6071491397757547
0.049576588 2.5883229582931153
0.049661186 2.5691677440662555
0.049745783 2.5496877350189973
0.049830377 2.5298874946253838
0.049914975 2.5097719081791534
0.049999572 2.4893461785439355
0.05008417 2.4686158213923144
0.050168764 2.447586659942915
0.05025336 2.4262648192056253
0.05033796 2.404656719746046
0.050422557 2.382769070981174
0.050507154 2.3606088640214336
0.05059175 2.338183364059816
0.050676346 2.315500102355203
0.050760943 2.2925668677823317
0.05084554 2.269391697996715
0.050930135 2.245982870216389
0.051014733 2.2223488916544794
0.05109933 2.1984984895854685
0.051183928 2.1744406011113977
0.05126852 2.15018436261214
0.05135312 2.1257390989139906
0.051437717 2.1011143121947553
0.051522315 2.0763196706463805
0.05160691 2.051364996916489
0.051691506 2.0262602563505676
0.051776104 2.001015545056841
0.0518607 1.9756410778160671
0.051945295 1.9501471758587292
0.052029893 1.9245442545321925
0.05211449 1.898842810880506
0.052199088 1.8730534111595283
0.052283686 1.8471866783100896
0.05236828 1.8212532794117609
0.052452877 1.7952639131397468
0.052537475 1.7692292972472052
0.052622072 1.7431601560950705
0.052706666 1.7170672082512328
0.052791264 1.6909611541805356
0.05287586 1.6648526640467631
0.05296046 1.6387523656473162
0.053045053 1.6126708325008539
0.05312965 1.5866185721076802
0.05321425 1.5606060144020941
0.053298846 1.5346435004153678
0.05338344 1.5087412711673873
0.053468037 1.4829094568043464
0.053552635 1.4571580659991907
0.053637233 1.4314969756308142
0.053721827 1.4059359207572288
0.053806424 1.3804844848971949
0.05389102 1.3551520906339802
0.05397562 1.3299479905540905
0.054060217 1.3048812585330065
0.05414481 1.279960781379052
0.05422941 1.2551952508457116
0.054314006 1.2305931560217618
0.054398604 1.2061627761077411
0.054483198 1.1819121735863443
0.054567795 1.1578491877934292
0.054652393 1.1339814288954195
0.05473699 1.1103162722779558
0.054821584 1.0868608533497528
0.054906182 1.0636220627647035
0.05499078 1.04060654206438
0.055075377 1.0178206797421705
0.05515997 0.9952706077294381
0.05524457 0.9729621983031898
0.055329166 0.9509010614139173
0.055413764 0.9290925424314124
0.055498358 0.9075417203055628
0.055582955 0.8862534061383259
0.055667553 0.8652321421623052
0.05575215 0.8444822011206129
0.05583675 0.8240075860419702
0.055921342 0.8038120304036747
0.05600594 0.7838989986788218
0.056090537 0.7642716872502031
0.056175135 0.7449330256949852
0.05625973 0.725885678421336
0.056344327 0.7071320466510796
0.056428924 0.6886742707374566
0.05651352 0.6705142328072335
0.056598116 0.6526535597164275
0.056682713 0.6350936263052628
0.05676731 0.617835558947407
0.05685191 0.6008802393717501
0.056936502 0.5842283087512652
0.0570211 0.5678801720432102
0.057105698 0.5518360025680711
0.057190295 0.5360957468139678
0.05727489 0.5206591294530958
0.057359487 0.5055256585566521
0.057444084 0.4906946309946108
0.057528682 0.47616513800666177
0.057613276 0.46193607093060896
0.057697874 0.44800612707453563
0.05778247 0.43437381571909467
0.05786707 0.42103746423635435
0.057951666 0.4079952243117372
0.05803626 0.39524507825572663
0.058120858 0.38278484539217494
0.058205456 0.3706121885102387
0.058290053 0.3587246203671792
0.058374647 0.34711951022950516
0.058459245 0.33579409044019637
0.058543842 0.3247454630000274
0.05862844 0.31397060615131556
0.058713034 0.3034663809527378
0.05879763 0.29322953783419764
0.05888223 0.2832567231210844
0.058966827 0.27354448551762733
0.05905142 0.2640892825394388
0.05913602 0.25488748688572954
0.059220616 0.24593539274208595
0.059305213 0.23722922200511226
0.059389807 0.228765130420666
0.059474405 0.22053921362783577
0.059559003 0.21254751310125222
0.0596436 0.20478602198475374
0.059728198 0.19725069080986987
0.05981279 0.1899374330930263
0.05989739 0.18284213080581646
0.059981987 0.17596063971312104
0.060066584 0.16928879457430004
0.06015118 0.1628224142031085
0.060235776 0.1565573063824235
0.060320374 0.15048927263028988
0.06040497 0.144614112814212
0.060489565 0.13892762961102922
0.060574163 0.13342563281011613
0.06065876 0.1281039434580422
0.060743358 0.12295839784321042
0.060827952 0.11798485131936814
0.06091255 0.11317918196724952
0.060997147 0.10853729409395686
0.061081745 0.10405512157003342
0.06116634 0.09972863100450487
0.061250936 0.09555382475848274
0.061335534 0.09152674379822685
0.06142013 0.08764347038885037
0.06150473 0.08390013063012766
0.061589323 0.08029289683612582
0.06167392 0.07681798976062877
0.06175852 0.07347168067055433
0.061843116 0.07025029326978575
0.06192771 0.06715020547604178
0.062012307 0.06416785105360162
0.062096905 0.06129972110487656
0.062181503 0.05854236542401314
0.062266096 0.055892393715645035
0.062350694 0.05334647668270322
0.06243529 0.05090134698620487
0.062519886 0.048553800081174575
0.06260449 0.046300694932262285
0.06268908 0.04413895461293659
0.062773675 0.04206556679216773
0.062858276 0.04007758411256116
0.06294287 0.03817212446403292
0.06302747 0.03634637115689639
0.063112065 0.034597572998690714
0.06319666 0.03292304427864874
0.06328126 0.031320164663979876
0.063365854 0.029786379012043406
0.063450456 0.02831919710248702
0.06353505 0.026916193293400965
0.06361964 0.02557500610550608
0.063704245 0.024293337738354424
0.06378884 0.023068953522473592
0.06387343 0.021899681311331808
0.063958034 0.020783410816940323
0.06404263 0.019718092892843136
0.06412723 0.018701738768171907
0.06421182 0.017732419236367213
0.06429642 0.01680826380208499
0.06438102 0.015927459789721873
0.06446561 0.015088251416902895
0.064550206 0.01428893883618243
0.06463481 0.013527877148113163
0.0647194 0.01280347538873962
0.064804 0.012114195494471992
0.0648886 0.011458551247193827
0.06497319 0.010835107202353226
0.06505779 0.010242477602682305
0.065142386 0.009679325280084134
0.06522699 0.009144360548120135
0.06531158 0.008636340087424803
0.065396175 0.008154065826268457
0.065480776 0.007696383818383081
0.06556537 0.007262183120061193
0.065649964 0.006850394668433733
0.065734565 0.006459990162729751
0.06581916 0.006089980950219231
0.06590376 0.00573941691844002
0.065988354 0.005407385395211629
0.06607295 0.005093010057841912
0.06615755 0.004795449852838218
0.06624214 0.004513897927342182
0.06632674 0.004247580573417201
