u pdf
0.025230631 0.9487857982293975
0.025307529 0.9762075420276833
0.025384426 1.0041569333820894
0.025461324 1.032634126056012
0.025538221 1.0616388546945532
0.025615118 1.0911704232235373
0.025692016 1.1212276934970125
0.025768913 1.151809074218437
0.02584581 1.182912510160928
0.025922708 1.2145354717121017
0.025999606 1.2466749447691166
0.026076503 1.2793274210095893
0.0261534 1.3124888885640094
0.026230298 1.3461548231152498
0.026307195 1.3803201794506033
0.026384093 1.4149793834916258
0.02646099 1.450126324826801
0.026537888 1.4857543497717574
0.026614785 1.5218562549813979
0.026691683 1.5584242816378757
0.02676858 1.5954501102378775
0.026845476 1.6329248560021126
0.026922373 1.6708390649293199
0.02699927 1.709182710516404
0.027076168 1.7479451911656054
0.027153065 1.7871153282988053
0.027229963 1.8266813651981957
0.02730686 1.8666309665916574
0.027383758 1.906951219000186
0.027460655 1.9476286318636749
0.027537553 1.9886491394602865
0.02761445 2.029998103633477
0.027691348 2.071660317339533
0.027768245 2.1136200090272435
0.027845142 2.1558608478599877
0.02792204 2.1983659497891948
0.027998937 2.2411178844867012
0.028075835 2.284098683142097
0.028152732 2.3272898471296486
0.02822963 2.370672357547871
0.028306527 2.4142266856332437
0.028383425 2.4579328040479504
0.028460322 2.5017701990399397
0.02853722 2.5457178834718888
0.028614117 2.5897544107140074
0.028691014 2.6338578893939166
0.02876791 2.6780059989951126
0.028844807 2.7221760062937967
0.028921705 2.7663447826221232
0.028998602 2.810488821944181
0.0290755 2.854584259729272
0.029152397 2.898606892605317
0.029229295 2.942532198773506
0.029306192 2.986335359163573
0.02938309 3.0299912793073918
0.029459987 3.0734746119069047
0.029536884 3.1167597800707654
0.029613782 3.159821001192409
0.02969068 3.2026323114407336
0.029767577 3.2451675908329842
0.029844474 3.287400588857943
0.029921371 3.3293049506160717
0.029998269 3.3708542434418356
0.030075166 3.4120219839720938
0.030152064 3.452781665623141
0.030228961 3.4931067864377514
0.030305859 3.5329708772624397
0.030382756 3.5723475302140004
0.030459654 3.61121042739344
0.030536551 3.6495333698044186
0.030613448 3.6872903064324705
0.030690344 3.7244553634405078
0.030767241 3.7610028734353955
0.030844139 3.7969074047597995
0.030921036 3.832143790762973
0.030997934 3.8666871590037584
0.031074831 3.900512960338704
0.031151729 3.9335969978480323
0.031228626 3.9659154555519978
0.031305525 3.9974449268701817
0.031382423 4.028162442776336
0.03145932 4.058045499601521
0.031536218 4.087072086438616
0.03161311 4.115220712101586
0.03169001 4.142470431593392
0.031766906 4.168800872037039
0.031843804 4.194192258024852
0.0319207 4.218625436341928
0.0319976 4.242081900020511
0.032074496 4.264543811683085
0.032151394 4.285994026132963
0.03222829 4.306416112152374
0.03230519 4.325794373469257
0.032382086 4.344113868855348
0.032458983 4.361360431319516
0.03253588 4.377520686361872
0.03261278 4.39258206925572
0.032689676 4.406532841326097
0.032766573 4.41936210519537
0.03284347 4.431059818968199
0.032920368 4.44161680933
0.032997265 4.451024783535005
0.033074163 4.459276340261964
0.03315106 4.466364979317641
0.033227958 4.472285110170238
0.033304855 4.477032059297121
0.033381753 4.4806020763332866
0.03345865 4.482992339009269
0.033535548 4.484200956869379
0.033612445 4.484226973763413
0.033689342 4.483070369107245
0.03376624 4.480732057909967
0.033843137 4.4772138895675315
0.033920035 4.472518645425119
0.033996932 4.466650035112731
0.03407383 4.459612691660764
0.034150727 4.45141216540458
0.034227625 4.442054916689275
0.034304522 4.431548307388092
0.03438142 4.419900591250054
0.034458317 4.407120903094543
0.034535214 4.393219246872603
0.03461211 4.378206482616847
0.03468901 4.3620943123037685
0.034765907 4.34489526465422
0.034842804 4.326622678899716
0.0349197 4.307290687543985
0.0349966 4.286914198150942
0.035073496 4.26550887419196
0.035150394 4.2430911149868376
0.03522729 4.21967803477445
0.03530419 4.1952874409504215
0.035381086 4.169937811510571
0.03545798 4.143648271740071
0.035534877 4.116438570189472
0.035611775 4.088329053979797
0.035688672 4.059340643479861
0.03576557 4.029494806399894
0.035842467 3.998813531346288
0.035919365 3.967319300882979
0.035996262 3.935035064145554
0.03607316 3.9019842090546577
0.036150057 3.868190534175638
0.036226954 3.833678220271644
0.03630385 3.7984718015975747
0.03638075 3.7625961369823484
0.036457647 3.7260763807469077
0.036534544 3.68893795350529
0.03661144 3.6512065128958318
0.03668834 3.612907924289275
0.036765236 3.574068231520107
0.036842134 3.5347136276869815
0.03691903 3.4948704260674344
0.03699593 3.4545650311914446
0.037072826 3.4138239101176056
0.037149724 3.372673563954798
0.03722662 3.331140499671348
0.03730352 3.2892512022326064
0.037380416 3.2470321071068056
0.037457313 3.204509573177898
0.03753421 3.1617098561028363
0.03761111 3.118659082149482
0.037688006 3.0753832225499553
0.037764903 3.0319080684028616
0.0378418 2.9882592061563504
0.037918698 2.9444619937024687
0.037995595 2.9005415371117227
0.038072493 2.856522668035175
0.03814939 2.8124299217997875
0.038226288 2.76828751622106
0.038303185 2.724119331155359
0.038380083 2.6799488888126053
0.03845698 2.6357993348483046
0.038533878 2.5916934202521538
0.038610775 2.5476534840487384
0.038687672 2.503701436824076
0.03876457 2.459858745090048
0.038841467 2.416146416496997
0.038918365 2.372584985903062
0.038995262 2.329194502307089
0.03907216 2.2859945166502693
0.039149057 2.243004070489966
0.039225955 2.200241685547536
0.03930285 2.1577253541303265
0.039379746 2.115472530426407
0.039456643 2.0735001226690555
0.03953354 2.031824486166467
0.039610438 1.9904614171906545
0.039687335 1.9494261477180832
0.039764233 1.9087333410131473
0.03984113 1.8683970880442569
0.039918028 1.82843090472098
0.039994925 1.7888477299394265
0.040071823 1.7496599244218647
0.04014872 1.7108792703353868
0.040225618 1.6725169716733657
0.040302515 1.6345836553823991
0.040379412 1.5970893732164486
0.04045631 1.5600436042989776
0.040533207 1.5234552583730223
0.040610105 1.4873326797183313
0.040687002 1.4516836517139848
0.0407639 1.4165154020242177
0.040840797 1.3818346083845645
0.040917695 1.3476474049648988
0.040994592 1.3139593892854466
0.04107149 1.2807756296614274
0.041148387 1.2481006731516162
0.041225284 1.2159385539858136
0.04130218 1.1842928024459674
0.04137908 1.1531664541755
0.041455977 1.1225620598912698
0.041532874 1.0924816954725327
0.04160977 1.0629269724012347
0.04168667 1.0338990485280182
0.041763566 1.0053986391384189
0.041840464 0.977426028293849
0.04191736 0.9499810804221812
0.04199426 0.9230632521329594
0.042071156 0.8966716042325599
0.042148054 0.87080481391495
0.04222495 0.84546118710405
0.04230185 0.8206386709241266
0.042378746 0.7963348662750708
0.042455643 0.7725470404899143
0.04253254 0.7492721400524309
0.04260944 0.726506803353227
0.042686336 0.7042473734632926
0.042763233 0.6824899109045799
0.04284013 0.6612302063978094
0.042917028 0.6404637935683388
0.042993926 0.6201859615915999
0.043070823 0.6003917677602955
0.043147717 0.5810760499562404
0.043224614 0.5622334390104516
0.04330151 0.5438583709358072
0.04337841 0.525945099017337
0.043455306 0.5084877057459419
0.043532204 0.49148011458208896
0.0436091 0.47491610153677793
0.043686 0.4587893065578275
0.043762896 0.44309324471027867
0.043839794 0.4278213171404662
0.04391669 0.41296682181405164
0.04399359 0.3985229640190535
0.044070486 0.384482866625645
0.044147383 0.3708395800952138
0.04422428 0.3575860922318955
0.04430118 0.3447153376704992
0.044378076 0.3322202070954322
0.044454973 0.32009355618591584
0.04453187 0.3083282142834436
0.044608768 0.29691699277808975
0.044685666 0.2858526932109002
0.044762563 0.27512811509022145
0.04483946 0.26473606342041595
0.044916358 0.2546693559419914
0.044993255 0.24492083008273322
0.045070153 0.23548334961996367
0.04514705 0.22634981105457377
0.045223948 0.2175131496979688
0.045300845 0.20896634547354354
0.045377742 0.2007024284347611
0.04545464 0.19271448400233704
0.045531537 0.18499565792344191
0.045608435 0.1775391609562274
0.045685332 0.17033827328333984
0.04576223 0.16338634865843513
0.045839127 0.15667681829002805
0.045916025 0.1502031944673072
0.045992922 0.143959073932829
0.04606982 0.13793814100725604
0.046146717 0.13213417047154427
0.046223614 0.12654103021219543
0.04630051 0.12115268363538637
0.04637741 0.11596319185595996
0.046454307 0.11096671566741784
0.046531204 0.1061575172991879
0.0466081 0.10152996196755763
0.046685 0.09707851922676262
0.046761896 0.0927977641267979
0.046838794 0.0886823781845854
0.046915688 0.08472715017517768
0.046992585 0.08092697674970709
0.047069483 0.07727686288680835
0.04714638 0.07377192218424136
0.047223277 0.07040737699743142
0.047300175 0.06717855843161424
0.047377072 0.0640809061942379
0.04745397 0.06110996831422321
0.047530867 0.058261400734619925
0.047607765 0.05553096678512572
0.047684662 0.0529145365408531
0.04776156 0.0504080860736352
0.047838457 0.048007696602063575
0.047915354 0.045709553546341354
0.04799225 0.04350994549391913
0.04806915 0.04140526308175929
0.048146047 0.03939199780094447
0.048222944 0.037466740729212474
0.04829984 0.03562618119685962
0.04837674 0.03386710539131078
0.048453636 0.032186394905507336
0.048530534 0.03058102523511174
0.04860743 0.029048064229374188
0.04868433 0.027584670500350617
0.048761226 0.026188091795002217
0.048838124 0.024855663334547407
0.04891502 0.023584806125276622
0.04899192 0.022373025244878553
0.049068816 0.021217908108165585
0.049145713 0.02011712271592439
0.04922261 0.019068415890457543
0.04929951 0.018069611501222087
0.049376406 0.017118608683812427
0.049453303 0.01621338005537837
0.0495302 0.015351969929413605
0.049607098 0.014532492532697396
0.049683996 0.01375313022702126
0.049760893 0.013012131738184652
0.04983779 0.012307810394597898
0.049914688 0.01163854237768888
0.049991585 0.011002764986170187
0.050068483 0.01039897491608781
0.05014538 0.009825726558439826
0.050222278 0.00928163031602457
0.050299175 0.008765350941052342
0.050376073 0.008275605894933096
0.05045297 0.00781116373153496
0.050529867 0.007370842505094029
0.050606765 0.006953508203846371
0.050683662 0.0065580732103466075
0.050760556 0.006183494789335802
0.050837453 0.005828773603922842
0.05091435 0.005492952260749626
0.05099125 0.005175113884720211
0.051068146 0.004874380723787755
0.051145043 0.00458991278421088
0.05122194 0.0043209064966128665
0.051298838 0.004066593413102275
0.051375736 0.003826238935643221
0.051452633 0.003599141075796264
0.05152953 0.0033846292458877673
0.051606428 0.0031820630816058485
0.051683325 0.0029908312959647564
0.051760223 0.002810350564527098
0.05183712 0.002640064441723604
0.051914018 0.0024794423080644573
0.051990915 0.002327978347993052
0.052067813 0.00218519055809339
0.05214471 0.0020506197853255837
0.052221607 0.0019238287949299908
0.052298505 0.00180440136760943
0.052375402 0.0016919414255706677
0.0524523 0.0015860721869805023
0.052529197 0.0014864353483685035
0.052606095 0.001392690294487721
0.052682992 0.0013045133351259814
0.05275989 0.0012215969683440917
0.052836787 0.001143649169603015
0.052913684 0.001070392706229768
0.05299058 0.0010015644766614446
0.05306748 0.0009369148738982245
0.053144377 0.0008762071725893328
0.053221274 0.0008192169391706716
0.05329817 0.0007657314644691858
0.05337507 0.0007155492181866621
0.053451966 0.0006684793246747599
0.053528864 0.0006243410594134059
0.05360576 0.0005829633656061534
0.05368266 0.0005441843903087184
0.053759556 0.0005078510395105408
0.053836454 0.00047381855159373015
0.05391335 0.0004419500885992537
0.05399025 0.00041211634473640264
0.054067146 0.0003841951715785564
0.054144043 0.000358071219395921
0.05422094 0.00033363559408412693
0.05429784 0.0003107855291563702
0.054374736 0.000289424072276067
0.054451633 0.00026945978581668895
0.05452853 0.00025080646094554574
0.054605424 0.00023338284473870354
0.05468232 0.00021711237984495686
0.05475922 0.0002019229562277002
0.054836117 0.00018774667452473574
0.054913014 0.00017451962057734587
0.05498991 0.00016218165069140818
0.05506681 0.00015067618720487574
0.055143707 0.0001399500239475097
0.055220604 0.00012995314119038608
0.0552975 0.00012063852969430049
0.0553744 0.00011196202347777598
0.055451296 0.00010388214093691683
0.055528194 9.635993396079794e-05
0.05560509 8.935884469743878e-05
0.05568199 8.284456963665753e-05
0.055758886 7.678493068720143e-05
0.055835783 7.114975293651634e-05
0.05591268 6.591074879231358e-05
0.05598958 6.104140821571362e-05
0.056066476 5.651689476617788e-05
0.056143373 5.231394718868098e-05
0.05622027 4.841078628360354e-05
0.056297168 4.4787026809640645e-05
0.056374066 4.142359417962124e-05
0.056450963 3.8302645718499375e-05
0.05652786 3.5407496261919343e-05
0.056604758 3.2722547882661856e-05
0.056681655 3.023322354094531e-05
0.056758553 2.792590446298465e-05
0.05683545 2.5787871060400864e-05
0.056912348 2.3807247211019455e-05
0.056989245 2.1972947729305745e-05
0.057066143 2.0274628862150738e-05
0.05714304 1.8702641652951246e-05
0.057219937 1.7247988023919298e-05
0.057296835 1.590227943331513e-05
0.057373732 1.4657697970821446e-05
0.05745063 1.3506959760576885e-05
0.057527527 1.24432805474562e-05
0.057604425 1.1460343348036042e-05
0.057681322 1.0552268053317883e-05
0.05775822 9.713582875698516e-06
0.057835117 8.939197537889118e-06
0.057912014 8.22437810648983e-06
0.057988912 7.564723377733025e-06
0.05806581 6.956142727519835e-06
0.058142707 6.3948353422970475e-06
0.058219604 5.877270751558e-06
0.0582965 5.400170586809242e-06
0.058373395 4.9604914957282615e-06
0.058450293 4.555409143951391e-06
0.05852719 4.182303240482099e-06
0.058604088 3.83874352610097e-06
0.058680985 3.522476667397113e-06
0.058757883 3.231414002130628e-06
0.05883478 2.963620084582147e-06
0.058911677 2.7173019823538827e-06
0.058988575 2.4907992787616267e-06
0.059065472 2.2825747375040766e-06
0.05914237 2.0912055887189484e-06
0.059219267 1.9153753978399534e-06
0.059296165 1.7538664808591809e-06
0.059373062 1.605552831680018e-06
0.05944996 1.4693935292217543e-06
0.059526857 1.3444265938117318e-06
0.059603754 1.2297632641793503e-06
0.059680652 1.1245826680520652e-06
0.05975755 1.0281268609511648e-06
0.059834447 9.396962092977486e-07
0.059911344 8.586450953716468e-07
0.05998824 7.843779230208866e-07
0.06006514 7.163454043005722e-07
0.060142037 6.540411084312828e-07
0.060218934 5.969982556112262e-07
0.06029583 5.447867392968926e-07
0.06037273 4.970103615867556e-07
0.060449626 4.5330426730476376e-07
0.060526524 4.133325632875057e-07
0.06060342 3.7678611023417147e-07
0.06068032 3.4338047528400355e-07
0.060757216 3.1285403424457687e-07
0.060834114 2.849662131083391e-07
0.06091101 2.5949585916667917e-07
0.06098791 2.3623973266253603e-07
0.061064806 2.1501111051650464e-07
0.061141703 1.9563849421935767e-07
0.0612186 1.7796441450796061e-07
0.0612955 1.6184432593353456e-07
0.061372396 1.4714558489284468e-07
0.061449293 1.3374650512587626e-07
0.06152619 1.2153548508952026e-07
0.061603088 1.1041020199720937e-07
0.061679985 1.0027686767082597e-07
0.061756883 9.104954168487486e-08
0.06183378 8.264949759525648e-08
0.061910678 7.500463833715432e-08
0.061987575 6.804895714981701e-08
0.062064473 6.172204064145436e-08
0.06214137 5.596861084616045e-08
0.062218264 5.0738103347707446e-08
0.06229516 4.598427875321364e-08
0.06237206 4.16648649939458e-08
0.062448956 3.774122811173643e-08
0.06252585 3.4178069358500755e-08
0.06260275 3.0943146593859837e-08
0.06267965 2.8007018112660444e-08
0.062756546 2.534280717089563e-08
0.06283344 2.2925985605816984e-08
0.06291034 2.073417506448736e-08
0.06298724 1.874696446522982e-08
0.063064136 1.6945742418914863e-08
0.06314103 1.5313543432292103e-08
0.06321793 1.3834906804101156e-08
0.06329483 1.249574720692294e-08
0.063371725 1.128323602408033e-08
0.06344862 1.0185692581763229e-08
0.06352552 9.192484482297355e-09
0.06360242 8.293936305453442e-09
0.063679315 7.48124600122377e-09
0.06375621 6.7464083498829605e-09
0.06383311 6.082144913681381e-09
0.06391001 5.481839949464526e-09
0.063986905 4.939481793114742e-09
0.0640638 4.449609265210781e-09
0.0641407 4.007262682911604e-09
0.0642176 3.6079390959991693e-09
0.064294495 3.2475513954520738e-09
0.06437139 2.922390971043751e-09
0.06444829 2.629093620435016e-09
0.06452519 2.36460843621364e-09
0.064602084 2.1261694194688274e-09
