u pdf
0.025230631 1.2797659477187309
0.025307529 1.319531522686404
0.025384426 1.3602056690004918
0.025461324 1.4017970361159708
0.025538221 1.4443139221167622
0.025615118 1.487764258145948
0.025692016 1.5321555929242117
0.025768913 1.5774950773826848
0.02584581 1.6237894494368623
0.025922708 1.6710450189286292
0.025999606 1.7192676527638038
0.026076503 1.768462760272932
0.0261534 1.8186352788232831
0.026230298 1.869789659710255
0.026307195 1.9219298543564927
0.026384093 1.9750593008471535
0.02646099 2.029180910829769
0.026537888 2.0842970568071357
0.026614785 2.140409559851578
0.026691683 2.1975196777687684
0.02676858 2.2556280937391047
0.026845476 2.31473490546433
0.026922373 2.3748396148467807
0.02699927 2.435941118228216
0.027076168 2.4980376972147096
0.027153065 2.561127010113572
0.027229963 2.6252060840076425
0.02730686 2.690271307491629
0.027383758 2.7563184240944567
0.027460655 2.8233425264107517
0.027537553 2.8913380509637636
0.02761445 2.9602987738210778
0.027691348 3.030217806983483
0.027768245 3.1010875955663306
0.027845142 3.172899915791582
0.02792204 3.2456458738076117
0.027998937 3.31931590535258
0.028075835 3.3938997762759464
0.028152732 3.469386583931329
0.02822963 3.5457647594526027
0.028306527 3.6230220709236485
0.028383425 3.701145627450733
0.028460322 3.7801218841450117
0.02853722 3.8599366480210757
0.028614117 3.940575084815922
0.028691014 4.022021726731103
0.02876791 4.104260481099214
0.028844807 4.187274639974185
0.028921705 4.271046890643243
0.028998602 4.355559327056641
0.0290755 4.440793462169669
0.029152397 4.526730241189662
0.029229295 4.613350055719109
0.029306192 4.700632758784217
0.02938309 4.788557680736637
0.029459987 4.877103646014368
0.029536884 4.966248990746222
0.029613782 5.055971581182571
0.02969068 5.1462488329335345
0.029767577 5.237057730994142
0.029844474 5.328374850534541
0.029921371 5.42017637843173
0.029998269 5.512438135517951
0.030075166 5.605135599519383
0.030152064 5.698243928657493
0.030228961 5.7917379858841045
0.030305859 5.885592363719958
0.030382756 5.979781409665503
0.030459654 6.074279252151435
0.030536551 6.169059826995569
0.030613448 6.264096904331704
0.030690344 6.359364115975202
0.030767241 6.454834983189328
0.030844139 6.550482944815675
0.030921036 6.646281385731397
0.030997934 6.742203665595469
0.031074831 6.838223147845852
0.031151729 6.934313228909035
0.031228626 7.030447367583301
0.031305525 7.126599114556895
0.031382423 7.222742142022327
0.03145932 7.318850273348046
0.031536218 7.414897512769013
0.03161311 7.510858075057929
0.03169001 7.606706415139301
0.031766906 7.702417257609016
0.031843804 7.797965626122725
0.0319207 7.893326872616966
0.0319976 7.988476706327852
0.032074496 8.083391222572958
0.032151394 8.178046931263049
0.03222829 8.272420785111423
0.03230519 8.366490207509688
0.032382086 8.460233120040183
0.032458983 8.553627969596468
0.03253588 8.646653755084765
0.03261278 8.739290053680726
0.032689676 8.831517046617389
0.032766573 8.923315544481877
0.03284347 9.014667011999979
0.032920368 9.105553592289551
0.032997265 9.195958130565376
0.033074163 9.28586419727998
0.03315106 9.375256110686724
0.033227958 9.464118958813351
0.033304855 9.55243862083612
0.033381753 9.640201787846472
0.03345865 9.727395983004207
0.033535548 9.81400958107299
0.033612445 9.900031827335912
0.033689342 9.985452855890841
0.03376624 10.070263707327005
0.033843137 10.154456345786318
0.033920035 10.238023675414556
0.033996932 10.320959556209443
0.03407383 10.403258819274338
0.034150727 10.484917281487933
0.034227625 10.56593175960193
0.034304522 10.64630008378023
0.03438142 10.726021110594662
0.034458317 10.80509473549352
0.034535214 10.883521904760626
0.03461211 10.961304626983663
0.03468901 11.038445984051702
0.034765907 11.114950141702726
0.034842804 11.190822359642846
0.0349197 11.266069001259671
0.0349966 11.340697542952718
0.035073496 11.414716583104427
0.035150394 11.488135850715484
0.03522729 11.56096621372845
0.03530419 11.633219687063686
0.035381086 11.704909440391388
0.03545798 11.776049805663455
0.035534877 11.84665628442823
0.035611775 11.916745554950843
0.035688672 11.986335479160928
0.03576557 12.055445109448737
0.035842467 12.124094695329529
0.035919365 12.192305689994939
0.035996262 12.260100756768628
0.03607316 12.327503775482004
0.036150057 12.394539848784087
0.036226954 12.461235308397733
0.03630385 12.527617721332502
0.03638075 12.593715896062202
0.036457647 12.659559888672955
0.036534544 12.725181008985036
0.03661144 12.790611826649435
0.03668834 12.855886177217071
0.036765236 12.921039168175996
0.036842134 12.986107184948908
0.03691903 13.051127896840212
0.03699593 13.116140262918753
0.037072826 13.181184537819105
0.037149724 13.246302277440902
0.03722662 13.311536344522395
0.03730352 13.376930914060821
0.037380416 13.442531478548723
0.037457313 13.508384852991782
0.03753421 13.574539179670053
0.03761111 13.64104393260092
0.037688006 13.707949921658365
0.037764903 13.775309296299719
0.0378418 13.843175548847064
0.037918698 13.911603517267178
0.037995595 13.980649387390296
0.038072493 14.050370694504252
0.03814939 14.120826324257433
0.038226288 14.192076512800318
0.038303185 14.264182846092405
0.038380083 14.33720825829787
0.03845698 14.411217029190578
0.038533878 14.486274780485884
0.038610775 14.562448471014264
0.038687672 14.639806390648705
0.03876457 14.718418152896122
0.038841467 14.7983546860602
0.038918365 14.879688222881407
0.038995262 14.962492288558128
0.03907216 15.046841687051206
0.039149057 15.132812485573037
0.039225955 15.220481997161224
0.03930285 15.309928761236076
0.039379746 15.401232522040749
0.039456643 15.4944742048627
0.03953354 15.589735889935184
0.039610438 15.687100783917938
0.039687335 15.786653188857123
0.039764233 15.888478468525491
0.03984113 15.99266301204534
0.039918028 16.099294194698547
0.039994925 16.208460335830175
0.040071823 16.32025065375456
0.04014872 16.434755217575812
0.040225618 16.552064895837866
0.040302515 16.672271301922752
0.040379412 16.795466736119963
0.04045631 16.921744124294058
0.040533207 17.051196953082403
0.040610105 17.183919201560236
0.040687002 17.320005269315654
0.0407639 17.459549900883026
0.040840797 17.60264810648978
0.040917695 17.749395079077964
0.040994592 17.89988610756907
0.04107149 18.054216486348054
0.041148387 18.212481420950073
0.041225284 18.37477592994155
0.04130218 18.5411947429956
0.04137908 18.711832195170466
0.041455977 18.88678211740862
0.041532874 19.066137723283454
0.04160977 19.249991492030126
0.04168667 19.43843504790659
0.041763566 19.631559035941372
0.041840464 19.829452994134503
0.04191736 20.032205222188523
0.04199426 20.23990264685726
0.042071156 20.452630684010742
0.042148054 20.670473097525413
0.04222495 20.893511855120007
0.04230185 21.121826981268452
0.042378746 21.355496407332204
0.042455643 21.59459581906579
0.04253254 21.839198501660313
0.04260944 22.08937518250096
0.042686336 22.345193871825487
0.042763233 22.606719701481822
0.04284013 22.87401476199365
0.042917028 23.147137938153644
0.042993926 23.42614474337462
0.043070823 23.711087153038974
0.043147717 24.002013437097315
0.043224614 24.298967992176394
0.04330151 24.60199117346663
0.04337841 24.91111912666814
0.043455306 25.226383620283244
0.043532204 25.547811878551823
0.0436091 25.875426415333763
0.043686 26.209244869250277
0.043762896 26.5492798404028
0.043839794 26.895538728994822
0.04391669 27.248023576187663
0.04399359 27.606730907526707
0.044070486 27.97165157927926
0.044147383 28.34277062802929
0.04422428 28.720067123877485
0.04430118 29.103514027598333
0.044378076 29.493078052107098
0.044454973 29.888719528591558
0.04453187 30.29039227766337
0.044608768 30.698043485883947
0.044685666 31.111613588018326
0.044762563 31.53103615536897
0.04483946 31.9562377905383
0.044916358 32.38713802896557
0.044993255 32.82364924757893
0.045070153 33.2656765808985
0.04514705 33.71311784491989
0.045223948 34.16586346910083
0.045300845 34.62379643676528
0.045377742 35.08679223423115
0.04545464 35.55471880895754
0.045531537 36.027436536997286
0.045608435 36.50479820002912
0.045685332 36.986648972231336
0.04576223 37.47282641724616
0.045839127 37.96316049546967
0.045916025 38.4574735818878
0.045992922 38.95558049466323
0.04606982 39.457288534661856
0.046146717 39.96239753609032
0.046223614 40.470699928398666
0.04630051 40.98198080958343
0.04637741 41.49601803100774
0.046454307 42.01258229383494
0.046531204 42.53143725715242
0.0466081 43.05233965784114
0.046685 43.575039442225
0.046761896 44.09927990951282
0.046838794 44.624797867022885
0.046915688 45.1513237971578
0.046992585 45.67858203607433
0.047069483 46.206290963969806
0.04714638 46.734163206882805
0.047223277 47.26190584988297
0.047300175 47.78922066149998
0.047377072 48.315804329219354
0.04745397 48.841348705847196
0.047530867 49.36554106652374
0.047607765 49.888064376140925
0.047684662 50.408597566896105
0.04776156 50.9268158256906
0.047838457 51.442390891058764
0.047915354 51.95499135929052
0.04799225 52.464282999388146
0.04806915 52.96992907647616
0.048146047 53.47159068326177
0.048222944 53.96892707912275
0.04829984 54.461596036379404
0.04837674 54.94925419328782
0.048453636 55.4315574132729
0.048530534 55.90816114990192
0.04860743 56.37872081708192
0.04868433 56.842892163948584
0.048761226 57.30033165389864
0.048838124 57.75069684720368
0.04891502 58.19364678663025
0.04899192 58.62884238547879
0.049068816 59.05594681744309
0.049145713 59.47462590768221
0.04922261 59.88454852448765
0.04929951 60.28538697092226
0.049376406 60.676817375799835
0.049453303 61.05852008337052
0.0495302 61.4301800410732
0.049607098 61.7914871847138
0.049683996 62.14213682042771
0.049760893 62.48183000278453
0.04983779 62.81027390839615
0.049914688 63.1271822043911
0.049991585 63.43227541112376
0.050068483 63.72528125849263
0.05014538 64.00593503524874
0.050222278 64.27397993068489
0.050299175 64.52916736810563
0.050376073 64.77125732948967
0.05045297 65.0000186707692
0.050529867 65.21522942716415
0.050606765 65.41667710802562
0.050683662 65.604158980658
0.050760556 65.7774823426077
0.050837453 65.93646478192605
0.05091435 66.08093442493208
0.05099125 66.21073017102398
0.051068146 66.32570191410892
0.051145043 66.42571075024468
0.05122194 66.51062917111047
0.051298838 66.58034124294939
0.051375736 66.63474277065065
0.051452633 66.6737414466667
0.05152953 66.69725698448727
0.051606428 66.70522123642044
0.051683325 66.69757829546002
0.051760223 66.67428458104649
0.05183712 66.63530890855944
0.051914018 66.58063254240862
0.051990915 66.51024923262138
0.052067813 66.4241652348544
0.05214471 66.3223993137889
0.052221607 66.20498272989846
0.052298505 66.0719592096099
0.052375402 65.92338489890841
0.0524523 65.75932830046851
0.052529197 65.5798701944229
0.052606095 65.3851035429115
0.052682992 65.1751333785828
0.05275989 64.9500766772489
0.052836787 64.71006221492459
0.052913684 64.45523040950967
0.05299058 64.18573314740048
0.05306748 63.901733595345206
0.053144377 63.60340599788189
0.053221274 63.290935460726104
0.05329817 62.96451772049764
0.05337507 62.62435890120097
0.053451966 62.27067525789649
0.053528864 61.903692908021206
0.05360576 61.52364755083883
0.05368266 61.13078417551863
0.053759556 60.725356758360675
0.053836454 60.307627949703146
0.05391335 59.877868751062714
0.05399025 59.43635818307455
0.054067146 58.983382944811666
0.054144043 58.519237065075856
0.05422094 58.044221546263415
0.05429784 57.558644001418365
0.054374736 57.06281828509433
0.054451633 56.55706411865308
0.05452853 56.04170671063332
0.054605424 55.51707637282742
0.05468232 54.9835081327066
0.05475922 54.441341342836914
0.054836117 53.890919287927446
0.054913014 53.33258879015216
0.05498991 52.766699813383404
0.05506681 52.19360506697105
0.055143707 51.61365960969696
0.055220604 51.02722045452672
0.0552975 50.43464617477407
0.0553744 49.83629651228365
0.055451296 49.23253198822804
0.055528194 48.623713517103646
0.05560509 48.010202024497694
0.05568199 47.392358069185335
0.055758886 46.77054147010087
0.055835783 46.14511093871267
0.05591268 45.51642371731394
0.05598958 44.88483522372537
0.056066476 44.250698702886744
0.056143373 43.61436488579648
0.05622027 42.97618165623823
0.056297168 42.336493725713716
0.056374066 41.69564231697984
0.056450963 41.05396485656758
0.05652786 40.41179467663724
0.056604758 39.769460726503574
0.056681655 39.12728729414097
0.056758553 38.48559373795613
0.05683545 37.84469422909264
0.056912348 37.20489750450843
0.056989245 36.56650663104348
0.057066143 35.929818780671795
0.05714304 35.29512501710775
0.057219937 34.662710093913745
0.057296835 34.03285226423224
0.057373732 33.40582310224205
0.05745063 32.781887336415735
0.057527527 32.16130269463183
0.057604425 31.54431976117314
0.057681322 30.931181845620014
0.05775822 30.32212486362571
0.057835117 29.717377229539345
0.057912014 29.117159760821096
0.057988912 28.521685594173732
0.05806581 27.9311601132948
0.058142707 27.345780888134225
0.058219604 26.765737625523514
0.0582965 26.19121213102485
0.058373395 25.622378281830606
0.058450293 25.05940201052743
0.05852719 24.502441299523237
0.058604088 23.95164618591977
0.058680985 23.40715877659962
0.058757883 22.86911327328242
0.05883478 22.337636007292602
0.058911677 21.812845483768783
0.058988575 21.294852435033814
0.059065472 20.783759882834296
0.05914237 20.279663209148712
0.059219267 19.782650235254916
0.059296165 19.292801308739598
0.059373062 18.810189398125928
0.05944996 18.33488019478881
0.059526857 17.866932221822573
0.059603754 17.40639694952093
0.059680652 16.95331891712585
0.05975755 16.507735860498805
0.059834447 16.069678845366077
0.059911344 15.639172405788424
0.05998824 15.216234687504967
0.06006514 14.800877595801289
0.060142037 14.393106947552946
0.060218934 13.99292262709691
0.06029583 13.600318745586085
0.06037273 13.215283803484926
0.060449626 12.837800855867743
0.060526524 12.467847680185638
0.06060342 12.105396946172677
0.06068032 11.750416387567345
0.060757216 11.402868975331154
0.060834114 11.062713092052705
0.06091101 10.72990270723216
0.06098791 10.404387553148561
0.061064806 10.086113301019964
0.061141703 9.775021737174349
0.0612186 9.471050938957886
0.0612955 9.174135450115473
0.061372396 8.884206455387856
0.061449293 8.601191954078482
0.06152619 8.325016932353122
0.061603088 8.05560353404451
0.061679985 7.792871229744535
0.061756883 7.536736983976108
0.06183378 7.287115420247209
0.061910678 7.043918983799623
0.061987575 6.807058101875147
0.062064473 6.576441341332376
0.06214137 6.351975563457305
0.062218264 6.133566075821549
0.06229516 5.921116781051744
0.06237206 5.714530322384325
0.062448956 5.513708225889621
0.06252585 5.318551039259377
0.06260275 5.128958467061543
0.06267965 4.94482950237593
0.062756546 4.766062554733931
0.06283344 4.592555574294762
0.06291034 4.424206172199991
0.06298724 4.2609117370569844
0.063064136 4.1025695475107264
0.06314103 3.949076880872009
0.06321793 3.800331117778167
0.06329483 3.656229842870693
0.063371725 3.5166709414817077
0.06344862 3.381552692328868
0.06352552 3.2507738562253996
0.06360242 3.1242337608189588
0.063679315 3.0018323813796046
0.06375621 2.8834704176635366
0.06383311 2.7690493668852936
0.06391001 2.6584715928368547
0.063986905 2.551640391197489
0.0640638 2.448460051083425
0.0641407 2.3488359128911447
0.0642176 2.2526744224927024
0.064294495 2.1598831818457014
0.06437139 2.0703709960844465
0.06444829 1.9840479171624863
0.06452519 1.9008252841200737
0.064602084 1.8206157600531172
