u pdf
0.025230631 6.5920250672846515e-06
0.025307529 7.22596005492701e-06
0.025384426 7.918769691140865e-06
0.025461324 8.675715807327685e-06
0.025538221 9.502510798591724e-06
0.025615118 1.0405354379389902e-05
0.025692016 1.1390973174177458e-05
0.025768913 1.2466663347610516e-05
0.02584581 1.3640336492456003e-05
0.025922708 1.4920569007757503e-05
0.025999606 1.631665521505335e-05
0.026076503 1.783866447658552e-05
0.0261534 1.9497502596514218e-05
0.026230298 2.1304977804214582e-05
0.026307195 2.3273871637821303e-05
0.026384093 2.5418015066354824e-05
0.02646099 2.7752370210060908e-05
0.026537888 3.0293118041072257e-05
0.026614785 3.305775247021321e-05
0.026691683 3.606518125077047e-05
0.02676858 3.9335834156398884e-05
0.026845476 4.2891778918083516e-05
0.026922373 4.675684543429177e-05
0.02699927 5.0956758799190275e-05
0.027076168 5.551928172612534e-05
0.027153065 6.047436697753757e-05
0.027229963 6.585432044817659e-05
0.02730686 7.169397558594751e-05
0.027383758 7.803087987403692e-05
0.027460655 8.490549413920379e-05
0.027537553 9.236140549432661e-05
0.02761445 0.00010044555476857697
0.027691348 0.00010920847932596915
0.027768245 0.00011870457222262162
0.027845142 0.00012899235870491167
0.02792204 0.00014013479110487224
0.027998937 0.00015219956324576364
0.028075835 0.00016525944552979804
0.028152732 0.00017939264194157277
0.02822963 0.00019468317026497602
0.028306527 0.0002112212668781744
0.028383425 0.0002291038175609009
0.028460322 0.00024843481582066695
0.02853722 0.0002693258503197586
0.028614117 0.0002918966230630709
0.028691014 0.0003162755000879613
0.02876791 0.0003426000964814664
0.028844807 0.0003710178976374606
0.028921705 0.0004016869187566546
0.028998602 0.0004347764046858327
0.0290755 0.0004704675722893515
0.029152397 0.0005089543976458137
0.029229295 0.0005504444504658727
0.029306192 0.0005951597782334477
0.02938309 0.0006433378426821672
0.029459987 0.0006952325113316044
0.029536884 0.0007511151069238656
0.029613782 0.0008112755177202556
0.02969068 0.0008760233717400575
0.029767577 0.0009456892781488869
0.029844474 0.0010206261391325485
0.029921371 0.0011012105357237905
0.029998269 0.0011878441911836245
0.030075166 0.001280955515676072
0.030152064 0.0013810012361148965
0.030228961 0.0014884681152032774
0.030305859 0.0016038747638320238
0.030382756 0.0017277735511488554
0.030459654 0.001860752616760262
0.030536551 0.0020034379896781205
0.030613448 0.002156495818775689
0.030690344 0.0023206347196712196
0.030767241 0.0024966082431120916
0.030844139 0.0026852174700881
0.030921036 0.0028873137390580637
0.030997934 0.0031038015108303856
0.031074831 0.003335641376793464
0.031151729 0.0035838532163471617
0.031228626 0.003849519509540276
0.031305525 0.00413378881107126
0.031382423 0.004437879391959585
0.03145932 0.0047630830553426744
0.031536218 0.00511076913299785
0.03161311 0.005482388669329046
0.03169001 0.005879478799694638
0.031766906 0.006303667330083501
0.031843804 0.0067566775252722085
0.0319207 0.007240333112714929
0.0319976 0.007756563509529441
0.032074496 0.008307409280046479
0.032151394 0.008895027831484189
0.03222829 0.009521699355394911
0.03230519 0.010189833022605812
0.032382086 0.01090197343943762
0.032458983 0.011660807373036547
0.03253588 0.01246917075369095
0.03261278 0.013330055962026374
0.032689676 0.014246619408979852
0.032766573 0.015222189416442938
0.03284347 0.01626027440643604
0.032920368 0.01736457140662856
0.032997265 0.01853897487995198
0.033074163 0.019787585885964094
0.03315106 0.021114721581510655
0.033227958 0.02252492506809461
0.033304855 0.02402297559320261
0.033381753 0.02561389911264947
0.03345865 0.027302979220786366
0.033535548 0.029095768455173057
0.033612445 0.030998099982037723
0.033689342 0.033016099668542076
0.03376624 0.03515619854752539
0.033843137 0.0374251456800277
0.033920035 0.0398300214204779
0.033996932 0.04237825108898409
0.03407383 0.045077619054674875
0.034150727 0.04793628323351148
0.034227625 0.05096279000342003
0.034304522 0.05416608953898199
0.03438142 0.05755555156726254
0.034458317 0.06114098154565658
0.034535214 0.06493263726188267
0.03461211 0.06894124585546185
0.03468901 0.07317802125917289
0.034765907 0.07765468205808451
0.034842804 0.08238346976282133
0.0349197 0.08737716749272649
0.0349966 0.09264911906353995
0.035073496 0.09821324847311112
0.035150394 0.10408407977751696
0.03522729 0.11027675734875182
0.03530419 0.11680706650389745
0.035381086 0.12369145449437342
0.03545798 0.1309470518425024
0.035534877 0.13859169401120702
0.035611775 0.14664394339118683
0.035688672 0.15512311158839656
0.03576557 0.16404928199307667
0.035842467 0.17344333260995587
0.035919365 0.18332695912757108
0.035996262 0.19372269820292282
0.03607316 0.20465395093591437
0.036150057 0.2161450065061955
0.036226954 0.22822106594317543
0.03630385 0.24090826599805984
0.03638075 0.25423370308481835
0.036457647 0.2682254572550119
0.036534544 0.282912616169379
0.03661144 0.2983252990270441
0.03668834 0.31449468041111955
0.036765236 0.3314530140073749
0.036842134 0.34923365615052254
0.03691903 0.3678710891505198
0.03699593 0.3874009443491398
0.037072826 0.40786002485489453
0.037149724 0.42928632790222293
0.03722662 0.45171906677869966
0.03730352 0.4751986922618476
0.037380416 0.4997669135050042
0.037457313 0.5254667183095486
0.03753421 0.5523423927187038
0.03761111 0.5804395398660416
0.037688006 0.6098050980098022
0.037764903 0.6404873576821184
0.0378418 0.6725359778803235
0.037918698 0.7060020012256204
0.037995595 0.7409378680125862
0.038072493 0.7773974290712311
0.03814939 0.8154359573616886
0.038226288 0.8551101582200379
0.038303185 0.8964781781722679
0.038380083 0.9395996122320792
0.03845698 0.9845355095969165
0.038533878 1.031348377655533
0.038610775 1.0801021842193885
0.038687672 1.1308623578893426
0.03876457 1.1836957864683777
0.038841467 1.2386708133305901
0.038918365 1.2958572316562762
0.038995262 1.3553262764427711
0.03907216 1.4171506142006918
0.039149057 1.4814043302453896
0.039225955 1.5481629134938675
0.03930285 1.6175032386779462
0.039379746 1.6895035458853538
0.039456643 1.7642434173414183
0.03953354 1.841803751345328
0.039610438 1.9222667332764956
0.039687335 2.005715803588278
0.039764233 2.092235622708388
0.03984113 2.181912032767613
0.039918028 2.2748320160810165
0.039994925 2.3710836503086594
0.040071823 2.470756060225975
0.04014872 2.57393936603738
0.040225618 2.6807246281703385
0.040302515 2.7912037884911376
0.040379412 2.905469607887884
0.04045631 3.023615600170816
0.040533207 3.1457359622448893
0.040610105 3.2719255005147896
0.040687002 3.402279553487961
0.0407639 3.536893910547021
0.040840797 3.6758647268690265
0.040917695 3.8192884344753115
0.040994592 3.96726164940237
0.04107149 4.1198810749911035
0.041148387 4.277243401298979
0.041225284 4.439445200647104
0.04130218 4.606582819321974
0.04137908 4.778752265459622
0.041455977 4.956049093148164
0.041532874 5.138568282793133
0.04160977 5.326404117798796
0.04168667 5.519650057627437
0.041763566 5.718398607307799
0.041840464 5.92274118347306
0.04191736 6.132767977018231
0.04199426 6.348567812476476
0.042071156 6.570228004223512
0.042148054 6.7978342096291735
0.04222495 7.0314702792850925
0.04230185 7.271218104447537
0.042378746 7.517157461844427
0.042455643 7.7693658560057
0.04253254 8.027918359286268
0.04260944 8.29288744976091
0.042686336 8.564342847180384
0.042763233 8.842351347188227
0.04284013 9.126976654007255
0.042917028 9.418279211814845
0.042993926 9.716316035035451
0.043070823 10.021140537788353
0.043147717 10.332802362737741
0.043224614 10.651347209601292
0.04330151 10.97681666358212
0.04337841 11.3092480239973
0.043455306 11.648674133384333
0.043532204 11.995123207374649
0.0436091 12.348618665630577
0.043686 12.709178964149185
0.043762896 13.076817429242828
0.043839794 13.451542093512444
0.04391669 13.833355534134878
0.04399359 14.222254713790862
0.044070486 14.618230824564469
0.044147383 15.021269135148877
0.04422428 15.431348841696458
0.04430118 15.848442922653977
0.044378076 16.27251799792545
0.044454973 16.703534192706766
0.04453187 17.141445006336532
0.044608768 17.586197186507793
0.044685666 18.03773060918394
0.044762563 18.49597816456119
0.04483946 18.960865649416853
0.044916358 19.432311666180127
0.044993255 19.91022752905771
0.045070153 20.394517177541974
0.04514705 20.885077097623764
0.045223948 21.38179625102542
0.045300845 21.884556012762502
0.045377742 22.39323011733431
0.04545464 22.907684613834757
0.045531537 23.427777830264997
0.045608435 23.953360347318828
0.045685332 24.484274981900473
0.04576223 25.02035678062194
0.045839127 25.561433023514294
0.045916025 26.107323238173258
0.045992922 26.657839224544865
0.04606982 27.212785090541722
0.046146717 27.771957298664113
0.046223614 28.335144723783397
0.04630051 28.902128722227825
0.04637741 29.47268321229237
0.046454307 30.04657476627573
0.046531204 30.62356271412788
0.0466081 31.203399258771952
0.046685 31.78582960314332
0.046761896 32.370592088968074
0.046838794 32.957418347281454
0.046915688 33.546033460665
0.046992585 34.13615613715894
0.047069483 34.7274988957838
0.04714638 35.31976826358243
0.047223277 35.91266498407063
0.047300175 36.50588423696119
0.047377072 37.09911586900328
0.04745397 37.69204463575518
0.047530867 38.28435045408542
0.047607765 38.87570866517401
0.047684662 39.465790307761786
0.04776156 40.054262401373705
0.047838457 40.640788239218146
0.047915354 41.22502769044232
0.04799225 41.806637511401576
0.04806915 42.3852716655785
0.048146047 42.960581651766155
0.048222944 43.532216840109456
0.04829984 44.09982481557796
0.04837674 44.663051728423774
0.048453636 45.22154265115941
0.048530534 45.77494194157223
0.04860743 46.32289361127443
0.04868433 46.86504169927114
0.048761226 47.40103065001326
0.048838124 47.93050569538737
0.04891502 48.45311324008029
0.04899192 48.968501249744435
0.049068816 49.47631964137707
0.049145713 49.97622067531696
0.04922261 50.46785934825209
0.04929951 50.95089378662383
0.049376406 51.42498563980612
0.049453303 51.88980047243221
0.0495302 52.34500815523732
0.049607098 52.790283253781936
0.049683996 53.225305414419026
0.049760893 53.649759746867595
0.04983779 54.06333720275577
0.049914688 54.46573494949901
0.049991585 54.85665673888225
0.050068483 55.23581326971984
0.05014538 55.60292254397318
0.050222278 55.957710215713924
0.050299175 56.29990993232891
0.050376073 56.62926366737402
0.05045297 56.94552204449519
0.050529867 57.24844465184786
0.050606765 57.53780034646063
0.050683662 57.813367548003775
0.050760556 58.07493452144047
0.050837453 58.322299648056166
0.05091435 58.555271684380635
0.05099125 58.77367000853724
0.051068146 58.977324853575524
0.051145043 59.16607752736503
0.05122194 59.33978061865173
0.051298838 59.49829818890268
0.051375736 59.641505949589146
0.051452633 59.76929142458498
0.05152953 59.881554097382704
0.051606428 59.978205542857964
0.051683325 60.05916954334045
0.051760223 60.12438218877787
0.05183712 60.1737919608089
0.051914018 60.20735980059017
0.051990915 60.22505916025228
0.052067813 60.22687603789002
0.05214471 60.212808996022204
0.052221607 60.18286916348697
0.052298505 60.137080220769256
0.052375402 60.075478368787174
0.0524523 59.99811228119536
0.052529197 59.905043040292796
0.052606095 59.796344056653574
0.052682992 59.672100972628535
0.05275989 59.5324115498952
0.052836787 59.377385541262974
0.052913684 59.207144546968756
0.05299058 59.021821855726245
0.05306748 58.82156227082019
0.053144377 58.60652192156266
0.053221274 58.37686806045542
0.05329817 58.13277884642709
0.05337507 57.87444311453831
0.053451966 57.60206013257157
0.053528864 57.3158393449449
0.05360576 57.01600010440988
0.05368266 56.7027713920152
0.053759556 56.37639152583555
0.053836454 56.037107858984804
0.05391335 55.68517646744834
0.05399025 55.3208618282859
0.054067146 54.94443648877022
0.054144043 54.55618072704043
0.05422094 54.15638220486075
0.05429784 53.74533561308565
0.054374736 53.323342310442015
0.054451633 52.89070995624671
0.05452853 52.44775213768426
0.054605424 51.994787992275036
0.05468232 51.5321418261675
0.05475922 51.060142728891115
0.054836117 50.57912418520724
0.054913014 50.089423684695156
0.05498991 49.59138232970896
0.05506681 49.08534444233786
0.055143707 48.57165717099834
0.055220604 48.05067009728143
0.0552975 47.52273484367081
0.0553744 46.98820468274064
0.055451296 46.44743414843172
0.055528194 45.90077864999499
0.05560509 45.34859408917979
0.05568199 44.79123648123145
0.055758886 44.22906158024979
0.055835783 43.66242450944498
0.05591268 43.09167939681205
0.05598958 42.51717901672892
0.056066476 41.93927443796532
0.056143373 41.35831467857206
0.05622027 40.774646368101486
0.056297168 40.188613417590034
0.056374066 39.600556697713955
0.056450963 39.01081372550855
0.05652786 38.41971836001979
0.056604758 37.827600507235765
0.056681655 37.23478583462305
0.056758553 36.64159549557062
0.05683545 36.04834586402149
0.056912348 35.45534827954864
0.056989245 34.862908803109164
0.057066143 34.27132798368718
0.05714304 33.68090063601222
0.057219937 33.09191562951711
0.057296835 32.50465568867559
0.057373732 31.919397204836674
0.05745063 31.336410059650067
0.057527527 30.75595746015369
0.057604425 30.178295785571912
0.057681322 29.603674445850828
0.05775822 29.032335751934983
0.057835117 28.464514797768306
0.057912014 27.90043935398085
0.057988912 27.340329773202622
0.05806581 26.78439890692526
0.058142707 26.23285203381311
0.058219604 25.685886799346083
0.0582965 25.143693166658462
0.058373395 24.60645337842009
0.058450293 24.07434192958944
0.05852719 23.547525550851734
0.058604088 23.026163202539756
0.058680985 22.510406078820253
0.058757883 22.000397621914686
0.05883478 21.49627354611001
0.058911677 20.9981618713027
0.058988575 20.506182965807422
0.059065472 20.020449598151377
0.05914237 19.54106699756488
0.059219267 19.068132922870163
0.059296165 18.60173773946146
0.059373062 18.141964504062674
0.05944996 17.688889056941676
0.059526857 17.242580121254957
0.059603754 16.803099409191034
0.059680652 16.370501734577218
0.05975755 15.944835131610535
0.059834447 15.526140979371519
0.059911344 15.114454131777402
0.05998824 14.709803052630479
0.06006514 14.3122099554169
0.060142037 13.921690947511879
0.060218934 13.538256178448115
0.06029583 13.161909991906326
0.06037273 12.792651081089138
0.060449626 12.43047264714273
0.060526524 12.075362560294433
0.06060342 11.727303523378632
0.06068032 11.386273237428478
0.060757216 11.052244569016045
0.060834114 10.725185719029707
0.06091101 10.40506039258377
0.06098791 10.091827969762319
0.061064806 9.785443676906475
0.061141703 9.485858758161866
0.0612186 9.19302064701129
0.0612955 8.906873137525604
0.061372396 8.62735655507487
0.061449293 8.354407926250364
0.06152619 8.087961147757527
0.061603088 7.827947154049014
0.061679985 7.574294083476803
0.061756883 7.326927442751851
0.06183378 7.085770269509773
0.061910678 6.850743292790876
0.061987575 6.621765091252875
0.062064473 6.3987522489448505
0.06214137 6.181619508480813
0.062218264 5.970279921461726
0.06229516 5.7646449960044865
0.06237206 5.564624841246724
0.062448956 5.370128308706035
0.06252585 5.1810631303822685
0.06260275 4.997336053501111
0.06267965 4.818852971806942
0.062756546 4.645519053322418
0.06283344 4.477238864501483
0.06291034 4.31391649071176
0.06298724 4.155455652991115
0.063064136 4.00175982103202
0.06314103 3.852732322355822
0.06321793 3.708276447647302
0.06329483 3.5682955522279918
0.063371725 3.4326931536544656
0.06344862 3.301373025435408
0.06352552 3.1742392868684655
0.06360242 3.0511964890049335
0.063679315 2.932149696756967
0.06375621 2.8170045671684862
0.06383311 2.705667423877041
0.06391001 2.5980453277997277
0.063986905 2.4940461440817945
0.0640638 2.3935786053518298
0.0641407 2.296552371332332
0.0642176 2.20287808485914
0.064294495 2.112467424367521
0.06437139 2.025233152906795
0.06444829 1.9410891637491012
0.06452519 1.859950522661433
0.064602084 1.7817335069131883
