u pdf
0.025230631 0.2938894292272897
0.025307529 0.30452095076219
0.025384426 0.3154614712195463
0.025461324 0.3267168076458958
0.025538221 0.3382927608388708
0.025615118 0.3501951094542937
0.025692016 0.3624296039416816
0.025768913 0.3750019603108799
0.02584581 0.38791785373290344
0.025922708 0.4011829119784262
0.025999606 0.41480270869772823
0.026076503 0.42878275654627895
0.0261534 0.44312850016051497
0.026230298 0.45784530898874654
0.026307195 0.47293846998250805
0.026384093 0.4884131801540538
0.02646099 0.5042745390060762
0.026537888 0.5205275408401182
0.026614785 0.5371770669505235
0.026691683 0.5542278777111563
0.02676858 0.5716846045625013
0.026845476 0.5895517419071248
0.026922373 0.6078336389218575
0.02699927 0.6265344912954207
0.027076168 0.6456583329005833
0.027153065 0.6652090274102848
0.027229963 0.6851902598675196
0.02730686 0.705605528219099
0.027383758 0.726458134823755
0.027460655 0.747751177945355
0.027537553 0.7694875432423132
0.02761445 0.7916698952645763
0.027691348 0.8143006689698501
0.027768245 0.8373820612709914
0.027845142 0.8609160226267615
0.02792204 0.8849042486883618
0.027998937 0.9093481720144014
0.028075835 0.9342489538671563
0.028152732 0.9596074761031586
0.02822963 0.9854243331713316
0.028306527 1.011699824232033
0.028383425 1.0384339454104963
0.028460322 1.06562638219827
0.02853722 1.0932765020163462
0.028614117 1.1213833469537242
0.028691014 1.1499456266952075
0.02876791 1.1789617116522417
0.028844807 1.2084296263106014
0.028921705 1.2383470428087051
0.028998602 1.2687112747602713
0.0290755 1.2995192713349657
0.029152397 1.3307676116105651
0.029229295 1.362452499210057
0.029306192 1.3945697572368976
0.02938309 1.4271148235215128
0.029459987 1.4600827461918822
0.029536884 1.49346817958082
0.029613782 1.527265380482309
0.02969068 1.561468204768944
0.029767577 1.5960701043822323
0.029844474 1.6310641247071516
0.029921371 1.6664429023419993
0.029998269 1.7021986632741726
0.030075166 1.7383232214720936
0.030152064 1.7748079779030603
0.030228961 1.8116439199863275
0.030305859 1.8488216214902105
0.030382756 1.8863312428815417
0.030459654 1.9241625321351878
0.030536551 1.9623048260108567
0.030613448 2.0007470518037787
0.030690344 2.039477729575273
0.030767241 2.078484974868573
0.030844139 2.117756501914648
0.030921036 2.157279627332094
0.030997934 2.197041274324487
0.031074831 2.2370279773778994
0.031151729 2.277225887460568
0.031228626 2.3176207777259936
0.031305525 2.3581980497199857
0.031382423 2.3989427400914587
0.03145932 2.439839527805999
0.031536218 2.4808727418604626
0.03161311 2.5220263694961145
0.03169001 2.563284064906998
0.031766906 2.6046291584394865
0.031843804 2.646044666278149
0.0319207 2.687513300612277
0.0319976 2.7290174802766667
0.032074496 2.7705393418594055
0.032151394 2.812060751268671
0.03222829 2.8535633157497586
0.03230519 2.8950283963427657
0.032382086 2.9364371207706164
0.032458983 2.977770396746322
0.03253588 3.019008925687653
0.03261278 3.0601332168266375
0.032689676 3.1011236017005848
0.032766573 3.141960249010633
0.03284347 3.1826231798330995
0.032920368 3.2230922831682696
0.032997265 3.2633473318105666
0.033074163 3.303367998523437
0.03315106 3.343133872501647
0.033227958 3.3826244761031123
0.033304855 3.421819281831794
0.033381753 3.4606977295526544
0.03345865 3.499239243919171
0.033535548 3.537423251993375
0.033612445 3.575229201037957
0.033689342 3.612636576459529
0.03376624 3.6496249198817368
0.033843137 3.6861738473265584
0.033920035 3.722263067481751
0.033996932 3.7578724000321704
0.03407383 3.7929817940323343
0.034150727 3.827571346297449
0.034227625 3.861621319789854
0.034304522 3.895112161977712
0.03438142 3.928024523142643
0.034458317 3.9603392746129025
0.034535214 3.9920375268986477
0.03461211 4.023100647705823
0.03468901 4.053510279805254
0.034765907 4.083248358733534
0.034842804 4.112297130302441
0.0349197 4.140639167893758
0.0349966 4.168257389516489
0.035073496 4.195135074603763
0.035150394 4.221255880526893
0.03522729 4.2466038588044
0.03530419 4.271163470984073
0.035381086 4.294919604176604
0.03545798 4.317857586219608
0.035534877 4.339963200451375
0.035611775 4.3612227000740855
0.035688672 4.381622822086839
0.03576557 4.401150800769219
0.035842467 4.41979438069685
0.035919365 4.437541829270886
0.035996262 4.454381948744066
0.03607316 4.470304087726586
0.036150057 4.485298152155791
0.036226954 4.499354615714321
0.03630385 4.512464529682158
0.03638075 4.524619532208767
0.036457647 4.535811856992311
0.036534544 4.546034341353712
0.03661144 4.555280433694231
0.03668834 4.56354420032603
0.036765236 4.570820331666056
0.036842134 4.577104147784549
0.03691903 4.58239160330026
0.03699593 4.586679291615512
0.037072826 4.589964448485062
0.037149724 4.592244954913727
0.03722662 4.593519339378658
0.03730352 4.593786779373112
0.037380416 4.593047102269531
0.037457313 4.591300785500698
0.03753421 4.588548956058724
0.03761111 4.584793389312572
0.037688006 4.580036507145782
0.037764903 4.574281375417069
0.0378418 4.567531700747363
0.037918698 4.55979182663787
0.037995595 4.551066728924654
0.038072493 4.541362010576143
0.03814939 4.530683895840977
0.038226288 4.519039223754411
0.038303185 4.506435441012493
0.038380083 4.492880594224039
0.03845698 4.4783833215513225
0.038533878 4.46295284375128
0.038610775 4.446598954629748
0.038687672 4.429332010922209
0.03876457 4.411162921615143
0.038841467 4.3921031367229695
0.038918365 4.372164635536201
0.038995262 4.351359914357201
0.03907216 4.3297019737405655
0.039149057 4.307204305255819
0.039225955 4.283880877790738
0.03930285 4.259746123414185
0.039379746 4.234814922817882
0.039456643 4.209102590357114
0.03953354 4.182624858710789
0.039610438 4.155397863181758
0.039687335 4.127438125658736
0.039764233 4.098762538261486
0.03984113 4.069388346691363
0.039918028 4.0393331333094995
0.039994925 4.008614799965353
0.040071823 3.977251550598368
0.04014872 3.9452618736358835
0.040225618 3.912664524210481
0.040302515 3.8794785062200647
0.040379412 3.8457230542541385
0.04045631 3.81141761540971
0.040533207 3.776581831020281
0.040610105 3.7412355183213606
0.040687002 3.7053986520758655
0.0407639 3.669091346182652
0.040840797 3.632333835291289
0.040917695 3.5951464564460056
0.040994592 3.5575496307815335
0.04107149 3.519563845293291
0.041148387 3.4812096347040917
0.041225284 3.4425075634492472
0.04130218 3.403478207801557
0.04137908 3.3641421381573107
0.041455977 3.324519901504001
0.041532874 3.28463200409003
0.04160977 3.2444988943161635
0.04168667 3.2041409458680317
0.041763566 3.1635784411084287
0.041840464 3.1228315547475938
0.04191736 3.081920337809099
0.04199426 3.040864701908339
0.042071156 2.9996844038600194
0.042148054 2.958399030630368
0.04222495 2.917027984649135
0.04230185 2.875590469495775
0.042378746 2.8341054759734745
0.042455643 2.792591768584008
0.04253254 2.75106787241563
0.04260944 2.7095520604555134
0.042686336 2.66806234133746
0.042763233 2.6266164475348477
0.04284013 2.5852318240080274
0.042917028 2.543925617314571
0.042993926 2.5027146651900285
0.043070823 2.4616154866060427
0.043147717 2.4206442723118635
0.043224614 2.379816875864569
0.04330151 2.3391488051524614
0.04337841 2.2986552144153385
0.043455306 2.2583508967645773
0.043532204 2.2182502772051524
0.0436091 2.1783674061609912
0.043686 2.138715953504252
0.043762896 2.0993092030884064
0.043839794 2.0601600477842443
0.04391669 2.0212809850171825
0.04399359 1.9826841128035617
0.044070486 1.9443811262829003
0.044147383 1.906383314742387
0.04422428 1.8687015591292324
0.04430118 1.8313463300458381
0.044378076 1.794327686222112
0.044454973 1.7576552734586384
0.04453187 1.721338324033823
0.044608768 1.6853856565675518
0.044685666 1.6498056763333657
0.044762563 1.6146063760105918
0.04483946 1.5797953368674074
0.044916358 1.5453797303652965
0.044993255 1.5113663201749195
0.045070153 1.47776146459297
0.04514705 1.4445711193492026
0.045223948 1.411800840792412
0.045300845 1.3794557894438049
0.045377742 1.3475407339058592
0.04545464 1.3160600551144874
0.045531537 1.2850177509220047
0.045608435 1.2544174409981896
0.045685332 1.2242623720364745
0.04576223 1.1945554232521216
0.045839127 1.1652991121590541
0.045916025 1.136495600611877
0.045992922 1.1081467010995039
0.04606982 1.0802538832767
0.046146717 1.0528182807197954
0.046223614 1.02584069789278
0.04630051 0.9993216173099602
0.04637741 0.9732612068813741
0.046454307 0.9476593274271932
0.046531204 0.9225155403473806
0.0466081 0.8978291154329585
0.046685 0.8735990388053356
0.046761896 0.8498240209702553
0.046838794 0.8265025049730768
0.046915688 0.803632674642247
0.046992585 0.7812124629080104
0.047069483 0.759239560183595
0.04714638 0.7377114227963221
0.047223277 0.7166252814563318
0.047300175 0.6959781497508499
0.047377072 0.6757668326521868
0.04745397 0.6559879350279435
0.047530867 0.6366378701421759
0.047607765 0.6177128681365814
0.047684662 0.5992089844810821
0.04776156 0.5811221083834972
0.047838457 0.5634479711483421
0.047915354 0.546182154475127
0.04799225 0.5293200986868777
0.04806915 0.5128571108799663
0.048146047 0.4967883729866974
0.048222944 0.4811089497424655
0.04829984 0.4658137965496765
0.04837674 0.4508977672310022
0.048453636 0.43635562166491415
0.048530534 0.422182033296829
0.04860743 0.4083715965195807
0.04868433 0.394918833917315
0.048761226 0.3818182033672891
0.048838124 0.3690641049944379
0.04891502 0.3566508879739514
0.04899192 0.3445728571774817
0.049068816 0.33282427965897465
0.049145713 0.32139939097649256
0.04922261 0.3102924013467539
0.04929951 0.2994975016294847
0.049376406 0.28900886913902407
0.049453303 0.27882067328097687
0.0495302 0.268927081012051
0.049607098 0.2593222621215452
0.049683996 0.2500003943332847
0.049760893 0.24095566822711822
0.04983779 0.23218229197940055
0.049914688 0.2236744959221838
0.049991585 0.21542653692113597
0.050068483 0.20743270257248367
0.05014538 0.19968731521955083
0.050222278 0.1921847357897268
0.050299175 0.1849193674529498
0.050376073 0.17788565910303256
0.05045297 0.17107810866339004
0.050529867 0.164491266218948
0.050606765 0.15811973697622173
0.050683662 0.15195818405375502
0.050760556 0.14600133110529373
0.050837453 0.1402439647782507
0.05091435 0.1346809370101811
0.05099125 0.12930716716614615
0.051068146 0.1241176440199861
0.051145043 0.11910742758265908
0.05122194 0.11427165078092598
0.051298838 0.10960552098977445
0.051375736 0.10510432142207937
0.051452633 0.10076341237908894
0.05152953 0.09657823236540983
0.051606428 0.0925442990722375
0.051683325 0.08865721023264213
0.051760223 0.0849126443527745
0.05183712 0.08130636132290313
0.051914018 0.07783420291222842
0.051990915 0.0744920931514503
0.052067813 0.07127603860708359
0.05214471 0.06818212855152848
0.052221607 0.06520653503290684
0.052298505 0.0623455128486727
0.052375402 0.05959539942699387
0.0524523 0.056952614619885024
0.052529197 0.054413660412048724
0.052606095 0.05197512054935098
0.052682992 0.049633660090821624
0.05275989 0.04738602488802898
0.052836787 0.04522904099563139
0.052913684 0.04315961401685587
0.05299058 0.04117472838759922
0.05306748 0.03927144660278459
0.053144377 0.037446908388543254
0.053221274 0.03569832982372203
0.05329817 0.03402300241414518
0.05337507 0.03241829212298488
0.053451966 0.030881638360516127
0.053528864 0.02941055293645163
0.05360576 0.028002618977969896
0.05368266 0.0266554898164643
0.053759556 0.025366887845955123
0.053836454 0.024134603356018237
0.05391335 0.02295649334199477
0.05399025 0.021830480295156152
0.054067146 0.020754550975407616
0.054144043 0.019726755169021754
0.05422094 0.018745204433801826
0.05429784 0.017808070833982302
0.054374736 0.01691358566708227
0.054451633 0.016060038184835302
0.05452853 0.015245774310228341
0.054605424 0.014469195352591096
0.05468232 0.013728756722587557
0.05475922 0.013022966648872166
0.054836117 0.012350384898084947
0.054913014 0.011709621499773122
0.05498991 0.011099335477741182
0.05506681 0.010518233589246945
0.055143707 0.009965069073378829
0.055220604 0.009438640409868153
0.0552975 0.0089377900895112
0.0553744 0.008461403397298102
0.055451296 0.00800840720926984
0.055528194 0.007577768804051056
0.05560509 0.007168494689934391
0.05568199 0.006779629448322389
0.055758886 0.006410254594265299
0.055835783 0.006059487454767463
0.05591268 0.005726480065471642
0.05598958 0.00541041808626918
0.056066476 0.005110519736324905
0.056143373 0.004826034748948701
0.05622027 0.0045562433466908945
0.056297168 0.004300455236986099
0.056374066 0.004058008628619781
0.056450963 0.003828269269243564
0.05652786 0.003610629504119317
0.056604758 0.0034045073562281166
0.056681655 0.003209345627838433
0.056758553 0.003024611023588149
0.05683545 0.002849793295097439
0.056912348 0.002684404407093886
0.056989245 0.002527977724997622
0.057066143 0.0023800672238825896
0.05714304 0.002240246718700305
0.057219937 0.0021081091156245494
0.057296835 0.0019832656843494275
0.057373732 0.0018653453511488596
0.05745063 0.0017539940124830582
0.057527527 0.0016488738689166313
0.057604425 0.0015496627790936679
0.057681322 0.00145605363349749
0.05775822 0.0013677537477065642
0.057835117 0.0012844842748433517
0.057912014 0.0012059796368995917
0.057988912 0.0011319869746095627
0.05806581 0.0010622656155322339
0.058142707 0.000996586559993838
0.058219604 0.0009347319845342253
0.0582965 0.0008764947624932889
0.058373395 0.0008216780013678355
0.058450293 0.000770094596564347
0.05852719 0.0007215668011691682
0.058604088 0.0006759258113546638
0.058680985 0.0006330113670377995
0.058757883 0.0005926713674063432
0.05883478 0.0005547615009274035
0.058911677 0.0005191448894533167
0.058988575 0.0004856917460408434
0.059065472 0.0004542790461012826
0.05914237 0.0004247902115013219
0.059219267 0.00039711480723726413
0.059296165 0.00037114825030857694
0.059373062 0.00034679153042053805
0.05944996 0.00032395094215
0.059526857 0.0003025378282129677
0.059603754 0.00028246833347773297
0.059680652 0.00026366316937268723
0.05975755 0.0002460473883436346
0.059834447 0.00022955016802138725
0.059911344 0.00021410460476665362
0.05998824 0.00019964751626564632
0.06006514 0.0001861192528564731
0.060142037 0.00017346351727315107
0.060218934 0.00016162719250101254
0.06029583 0.00015056017744430797
0.06037273 0.00014021523011394687
0.060449626 0.00013054781805051823
0.060526524 0.00012151597570499044
0.06060342 0.00011308016850677773
0.06068032 0.00010520316335616714
0.060757216 9.784990528540331e-05
0.060834114 9.098740004001434e-05
0.06091101 8.458460233922544e-05
0.06098791 7.861230958151601e-05
0.061064806 7.304306076853824e-05
0.061141703 6.785104042770773e-05
0.0612186 6.30119873207889e-05
0.0612955 5.850310773272984e-05
0.061372396 5.4302993141832034e-05
0.061449293 5.03915420790717e-05
0.06152619 4.6749885991009294e-05
0.061603088 4.336031892722719e-05
0.061679985 4.020623087961821e-05
0.061756883 3.7272044607102536e-05
0.06183378 3.454315578547414e-05
0.061910678 3.200587632806824e-05
0.061987575 2.9647380728792795e-05
0.062064473 2.7455655284777765e-05
0.06214137 2.5419450061466578e-05
0.062218264 2.3528233468397788e-05
0.06229516 2.1772149319206875e-05
0.06237206 2.0141976254512065e-05
0.062448956 1.8629089411336717e-05
0.06252585 1.7225424227564748e-05
0.06260275 1.5923442274621863e-05
0.06267965 1.4716099016129398e-05
0.062756546 1.3596813394685634e-05
0.06283344 1.2559439153196839e-05
0.06291034 1.1598237801305535e-05
0.06298724 1.0707853141450217e-05
0.063064136 9.883287272939894e-06
0.06314103 9.119877996140773e-06
0.06321793 8.413277542453692e-06
0.06329483 7.759432559211441e-06
0.063371725 7.154565281947711e-06
0.06344862 6.595155829687056e-06
0.06352552 6.077925561979599e-06
0.06360242 5.599821439359728e-06
0.063679315 5.15800133174581e-06
0.06375621 4.749820222022486e-06
0.06383311 4.37281725466025e-06
0.06391001 4.024703581732578e-06
0.063986905 3.7033509610912677e-06
0.0640638 3.4067810637595206e-06
0.0641407 3.1331554498020678e-06
0.0642176 2.8807661740360674e-06
0.064294495 2.6480269849578455e-06
0.06437139 2.4334650821826362e-06
0.06444829 2.235713399529495e-06
0.06452519 2.053503382635227e-06
0.064602084 1.8856582316517946e-06
