u pdf
0.025230631 0.0037192099670495626
0.025307529 0.003950277028715853
0.025384426 0.00419464205182318
0.025461324 0.004453001008336722
0.025538221 0.004726081994644086
0.025615118 0.005014646462516581
0.025692016 0.00531949048324647
0.025768913 0.00564144604508941
0.02584581 0.005981382384092616
0.025922708 0.006340207348337761
0.025999606 0.006718868795573048
0.026076503 0.007118356024151255
0.0261534 0.007539701237129939
0.026230298 0.007983981039326056
0.026307195 0.008452317967050298
0.026384093 0.008945882050176355
0.02646099 0.009465892406126716
0.026537888 0.01001361886528029
0.026614785 0.010590383627227
0.026691683 0.011197562947211618
0.02676858 0.011836588852022744
0.026845476 0.012508950884493369
0.026922373 0.013216197875686706
0.02699927 0.013959939743745275
0.027076168 0.014741849318282263
0.027153065 0.01556366418909222
0.027229963 0.01642718857785329
0.02730686 0.017334295231385306
0.027383758 0.01828692733491758
0.027460655 0.019287100443706722
0.027537553 0.020336904431229128
0.02761445 0.02143850545205422
0.027691348 0.02259414791738391
0.027768245 0.023806156481120902
0.027845142 0.02507693803420341
0.02792204 0.026408983704817233
0.027998937 0.027804870861967746
0.028075835 0.029267265119764397
0.028152732 0.03079892233963922
0.02822963 0.03240269062758893
0.028306527 0.03408151232339716
0.028383425 0.03583842597865993
0.028460322 0.037676568320304214
0.02853722 0.03959917619615543
0.028614117 0.0416095884989768
0.028691014 0.04371124806527078
0.02876791 0.04590770354500151
0.028844807 0.04820261123826618
0.028921705 0.050599736894815735
0.028998602 0.05310295747219779
0.0290755 0.05571626284817056
0.029152397 0.0584437574829161
0.029229295 0.06128966202646134
0.029306192 0.0642583148666023
0.02938309 0.06735417361251458
0.029459987 0.07058181650912876
0.029536884 0.07394594377724549
0.029613782 0.07745137887427145
0.02969068 0.08110306967036424
0.029767577 0.08490608953469202
0.029844474 0.08886563832643429
0.029921371 0.09298704328508013
0.029998269 0.09727575981451705
0.030075166 0.1017373721553475
0.030152064 0.10637759393982403
0.030228961 0.11120226862375464
0.030305859 0.11621736978970257
0.030382756 0.12142900131578392
0.030459654 0.12684339740435865
0.030536551 0.13246692246491135
0.030613448 0.13830607084543114
0.030690344 0.14436746640662307
0.030767241 0.15065786193332062
0.030844139 0.15718413837751433
0.030921036 0.1639533039274749
0.030997934 0.17097249289751865
0.031074831 0.17824896443305374
0.031151729 0.18579010102564153
0.031228626 0.19360340683292265
0.031305525 0.2016965057983866
0.031382423 0.2100771395661021
0.03145932 0.21875316518568452
0.031536218 0.22773255260294667
0.03161311 0.23702338193186454
0.03169001 0.24663384050369155
0.031766906 0.2565722196892684
0.031843804 0.2668469114908085
0.0319207 0.2774664048996832
0.0319976 0.28843928201699154
0.032074496 0.2997742139339761
0.032151394 0.3114799563696359
0.03222829 0.3235653450631928
0.03230519 0.3360392909193869
0.032382086 0.3489107749049124
0.032458983 0.36218884269464957
0.03253588 0.37588259906671495
0.03261278 0.390001202045721
0.032689676 0.40455385679403133
0.032766573 0.41954980925119045
0.03284347 0.43499833952212535
0.032920368 0.45090875501513683
0.032997265 0.467290383331133
0.033074163 0.4841525649060056
0.03315106 0.5015046454084977
0.033227958 0.5193559678963815
0.033304855 0.537715864734233
0.033381753 0.5565936492765662
0.03345865 0.5759986073205804
0.033535548 0.5959399883332587
0.033612445 0.6164269964580559
0.033689342 0.6374687813069072
0.03376624 0.6590744285437964
0.033843137 0.6812529502666215
0.033920035 0.7040132751945962
0.033996932 0.72736423866894
0.03407383 0.7513145724750936
0.034150727 0.7758728944952136
0.034227625 0.8010476982001773
0.034304522 0.8268473419908328
0.03438142 0.8532800383986989
0.034458317 0.8803538431568098
0.034535214 0.9080766441518464
0.03461211 0.9364561502691753
0.03468901 0.9654998801428394
0.034765907 0.9952151508229944
0.034842804 1.0256090663736928
0.0349197 1.0566885064143254
0.0349966 1.0884601146184179
0.035073496 1.1209302871838471
0.035150394 1.1541051612889022
0.03522729 1.1879906035489254
0.03530419 1.2225921984886121
0.035381086 1.257915237045301
0.03545798 1.293964705118885
0.035534877 1.3307452721841786
0.035611775 1.3682612799818423
0.035688672 1.4065167313040896
0.03576557 1.4455152788916317
0.035842467 1.485260214458401
0.035919365 1.5257544578607263
0.035996262 1.5670005464277006
0.03607316 1.6090006244695263
0.036150057 1.6517564329806451
0.036226954 1.6952692995544443
0.03630385 1.7395401285262715
0.03638075 1.7845693913614284
0.036457647 1.830357117304691
0.036534544 1.876902884307752
0.03661144 1.9242058102508293
0.03668834 1.9722645444744344
0.036765236 2.0210772596370936
0.036842134 2.0706416439144997
0.03691903 2.1209548935552838
0.03699593 2.172013705808258
0.037072826 2.2238142722355803
0.037149724 2.276352272425915
0.03722662 2.329622868121206
0.03730352 2.3836206977702257
0.037380416 2.438339871521535
0.037457313 2.4937739666680176
0.03753421 2.5499160235545246
0.03761111 2.606758541959648
0.037688006 2.664293477961987
0.037764903 2.722512241300659
0.0378418 2.781405693239142
0.037918698 2.840964144940848
0.037995595 2.9011773563641436
0.038072493 2.9620345356837805
0.03814939 3.0235243392449833
0.038226288 3.085634872055672
0.038303185 3.1483536888215355
0.038380083 3.2116677955278434
0.03845698 3.275563651571163
0.038533878 3.3400271724432447
0.038610775 3.405043732968595
0.038687672 3.4705981710963987
0.03876457 3.53667479224661
0.038841467 3.6032573742092446
0.038918365 3.6703291725950185
0.038995262 3.737872926834687
0.03907216 3.8058708667235743
0.039149057 3.8743047195069997
0.039225955 3.9431557175014524
0.03930285 4.012404606245549
0.039379746 4.082031653174075
0.039456643 4.1520166568075165
0.03953354 4.222338956448856
0.039610438 4.292977442378461
0.039687335 4.363910566537382
0.039764233 4.435116353688441
0.03984113 4.5065724130439415
0.039918028 4.578255950348079
0.039994925 4.650143780401522
0.040071823 4.722212340014954
0.04014872 4.7944377013778405
0.040225618 4.866795585828042
0.040302515 4.9392613780074
0.040379412 5.011810140387891
0.04045631 5.08441662815249
0.040533207 5.157055304414387
0.040610105 5.229700355757858
0.040687002 5.302325708083655
0.0407639 5.374905042741485
0.040840797 5.447411812931784
0.040917695 5.519819260358796
0.040994592 5.59210043211667
0.04107149 5.664228197790121
0.041148387 5.736175266751053
0.041225284 5.807914205632347
0.04130218 5.879417455960097
0.04137908 5.9506573519252735
0.041455977 6.021606138276066
0.041532874 6.092235988311939
0.04160977 6.162519021960641
0.04168667 6.232427323919459
0.041763566 6.3019329618421
0.041840464 6.371008004552814
0.04191736 6.439624540269494
0.04199426 6.5077546948177725
0.042071156 6.575370649818345
0.042148054 6.642444660830062
0.04222495 6.708949075431622
0.04230185 6.774856351225053
0.042378746 6.840139073744524
0.042455643 6.9047699742544015
0.04253254 6.968721947420903
0.04260944 7.031968068842092
0.042686336 7.094481612421439
0.042763233 7.156236067570589
0.04284013 7.217205156227527
0.042917028 7.277362849676734
0.042993926 7.336683385158519
0.043070823 7.395141282255128
0.043147717 7.452711359041858
0.043224614 7.5093687479918545
0.04330151 7.565088911623797
0.04337841 7.619847657882294
0.043455306 7.673621155241214
0.043532204 7.726385947520868
0.0436091 7.778118968410323
0.043686 7.828797555686805
0.043762896 7.878399465124539
0.043839794 7.926902884086003
0.04391669 7.974286444788965
0.04399359 8.0205292372433
0.044070486 8.06561082185189
0.044147383 8.109511241670532
0.04422428 8.152211034322224
0.04430118 8.193691243561451
0.044378076 8.233933430484806
0.044454973 8.272919684384439
0.04453187 8.310632633241351
0.044608768 8.347055453855848
0.044685666 8.382171881612877
0.044762563 8.41596621988022
0.04483946 8.448423349037933
0.044916358 8.479528735137563
0.044993255 8.509268438190066
0.045070153 8.537629120081556
0.04514705 8.56459805211616
0.045223948 8.5901631221856
0.045300845 8.614312841565145
0.045377742 8.63703635133585
0.04545464 8.658323428433107
0.045531537 8.678164491321587
0.045608435 8.696550605296855
0.045685332 8.713473487413939
0.04576223 8.728925511043212
0.045839127 8.742899710054056
0.045916025 8.755389782626661
0.045992922 8.766390094692527
0.04606982 8.775895683003979
0.046146717 8.7839022578333
0.046223614 8.790406205301764
0.04630051 8.795404589339006
0.04637741 8.79889515327308
0.046454307 8.800876321051426
0.046531204 8.801347198093024
0.0466081 8.800307571771876
0.046685 8.797757911531884
0.046761896 8.793699368633185
0.046838794 8.788133775529873
0.046915688 8.781063644878987
0.046992585 8.772492168180591
0.047069483 8.762423214048694
0.04714638 8.750861326112723
0.047223277 8.737811720549201
0.047300175 8.723280283243177
0.047377072 8.70727356657907
0.04745397 8.689798785860424
0.047530867 8.670863815358135
0.047607765 8.650477183986686
0.047684662 8.628648070607978
0.04776156 8.605386298962319
0.047838457 8.58070233222629
0.047915354 8.554607267197134
0.04799225 8.527112828103508
0.04806915 8.498231360042524
0.048146047 8.467975822043075
0.048222944 8.436359779755668
0.04829984 8.403397397769092
0.04837674 8.369103431554448
0.048453636 8.333493219037294
0.048530534 8.296582671798879
0.04860743 8.258388265907692
0.04868433 8.218927032382789
0.048761226 8.17821654729073
0.048838124 8.13627492147823
0.04891502 8.093120789942889
0.04899192 8.048773300844905
0.049068816 8.00325210416284
0.049145713 7.956577339997096
0.04922261 7.9087696265249425
0.04929951 7.859850047611664
0.049376406 7.809840140082516
0.049453303 7.758761880660916
0.0495302 7.70663767257856
0.049607098 7.653490331863797
0.049683996 7.599343073314985
0.049760893 7.544219496166116
0.04983779 7.48814356945249
0.049914688 7.431139617084736
0.049991585 7.373232302640071
0.050068483 7.314446613880062
0.05014538 7.254807847004918
0.050222278 7.19434159065464
0.050299175 7.1330737096680865
0.050376073 7.071030328611367
0.05045297 7.008237815087665
0.050529867 6.944722762840985
0.050606765 6.880511974666887
0.050683662 6.815632445143741
0.050760556 6.750111343198567
0.050837453 6.683975994521938
0.05091435 6.617253863846911
0.05099125 6.549972537107415
0.051068146 6.482159703491876
0.051145043 6.413843137408344
0.05122194 6.345050680377671
0.051298838 6.2758102228717485
0.051375736 6.206149686114033
0.051452633 6.136097003859952
0.05152953 6.065680104175069
0.051606428 5.994926891229061
0.051683325 5.923865227123848
0.051760223 5.852522913774337
0.05183712 5.780927674860455
0.051914018 5.709107137869172
0.051990915 5.63708881624538
0.052067813 5.56490009167052
0.05214471 5.492568196487803
0.052221607 5.420120196292903
0.052298505 5.347582972708945
0.052375402 5.2749832063644515
0.0524523 5.20234736009284
0.052529197 5.129701662371822
0.052606095 5.057072091020946
0.052682992 4.984484357175128
0.05275989 4.911963889551921
0.052836787 4.839535819029752
0.052913684 4.767224963554171
0.05299058 4.695055813388669
0.05306748 4.623052516726199
0.053144377 4.551238865677165
0.053221274 4.479638282649012
0.05329817 4.408273807132161
0.05337507 4.337168082906397
0.053451966 4.266343345681281
0.053528864 4.195821411183504
0.05360576 4.125623663703525
0.05368266 4.055771045113104
0.053759556 3.9862840443647287
0.053836454 3.917182687483143
0.05391335 3.8484865280585567
0.05399025 3.780214638250274
0.054067146 3.7123856003087745
0.054144043 3.6450174986234884
0.05422094 3.5781279123027017
0.05429784 3.511733908291247
0.054374736 3.4458520350307857
0.054451633 3.3804983166667233
0.05452853 3.315688247804903
0.054605424 3.251436788820452
0.05468232 3.187758361720276
0.05475922 3.1246668465599066
0.054836117 3.0621755784145384
0.054913014 3.000297344903271
0.05498991 2.939044384264776
0.05506681 2.878428383981758
0.055143707 2.8184604799507924
0.055220604 2.759151256193331
0.0552975 2.7005107451028603
0.0553744 2.6425484282224625
0.055451296 2.585273237546249
0.055528194 2.528693557337411
0.05560509 2.472817226454932
0.05568199 2.4176515411802826
0.055758886 2.3632032585347615
0.055835783 2.309478600077506
0.05591268 2.2564832561735466
0.05598958 2.204222390720704
0.056066476 2.1527006463235328
0.056143373 2.1019221499019873
0.05622027 2.0518905187219594
0.056297168 2.002608866834358
0.056374066 1.9540798119089307
0.056450963 1.9063054824486192
0.05652786 1.8592875253698253
0.056604758 1.8130271139336238
0.056681655 1.767524956012614
0.056758553 1.722781302677799
0.05683545 1.6787959570896398
0.056912348 1.6355682836771728
0.056989245 1.5930972175889038
0.057066143 1.551381274399005
0.05714304 1.5104185600522295
0.057219937 1.4702067810308406
0.057296835 1.4307432547268015
0.057373732 1.3920249200024133
0.05745063 1.3540483479226144
0.057527527 1.3168097526421594
0.057604425 1.2803050024309615
0.057681322 1.2445296308209686
0.05775822 1.2094788478580636
0.057835117 1.1751475514426253
0.057912014 1.141530338742548
0.057988912 1.108621517662738
0.05806581 1.0764151183553086
0.058142707 1.0449049047549646
0.058219604 1.0140843861243305
0.0582965 0.9839468285942734
0.058373395 0.9544852666846002
0.058450293 0.9256925147908327
0.05852719 0.8975611786231398
0.058604088 0.8700836665838674
0.058680985 0.8432522010705072
0.058757883 0.8170588296913613
0.05883478 0.7914954363815702
0.058911677 0.7665537524076159
0.058988575 0.7422253672488692
0.059065472 0.7185017393451939
0.05914237 0.6953742067001041
0.059219267 0.6728339973294443
0.059296165 0.650872239546045
0.059373062 0.6294799720713049
0.05944996 0.608648153965136
0.059526857 0.5883676743662214
0.059603754 0.5686293620350221
0.059680652 0.5494239946924867
0.05975755 0.530742308147912
0.059834447 0.5125750052099072
0.059911344 0.49491276437491694
0.05998824 0.47774624828825396
0.06006514 0.4610661119730852
0.060142037 0.44486301082330515
0.060218934 0.42912760835671115
0.06029583 0.4138505837253737
0.06037273 0.39902263898055945
0.060449626 0.38463450609002897
0.060526524 0.37067695370597686
0.06060342 0.3571407936823303
0.06068032 0.34401688734054203
0.060757216 0.3312961514834458
0.060834114 0.31896956415714
0.06091101 0.3070281701612652
0.06098791 0.2954630863084255
0.061064806 0.2842655064338698
0.061141703 0.2734267061569094
0.0612186 0.26293804739588916
0.0612955 0.2527909826388566
0.061372396 0.24297705897239172
0.061449293 0.23348792187135525
0.06152619 0.22431531875260113
0.061603088 0.21545110229596695
0.061679985 0.20688723353611393
0.061756883 0.19861578472902358
0.06183378 0.19062894199718775
0.061910678 0.1829190077577353
0.061987575 0.17547840293793673
0.062064473 0.16829966898270407
0.06214137 0.16137546965887364
0.062218264 0.15469859266120628
0.06229516 0.14826195102517783
0.06237206 0.14205858435175503
0.062448956 0.1360816598494597
0.06252585 0.130324473199119
0.06260275 0.1247804492467815
0.06267965 0.11944314253034574
0.062756546 0.11430623764550506
0.06283344 0.1093635494566548
0.06291034 0.10460902315843874
0.06298724 0.10003673419363239
0.063064136 0.09564088803306815
0.06314103 0.09141581982330443
0.06321793 0.08735599390772962
0.06329483 0.08345600322676698
0.063371725 0.0797105686028149
0.06344862 0.07611453791551578
0.06352552 0.07266288517289571
0.06360242 0.06935070948385964
0.063679315 0.06617323393745954
0.06375621 0.06312580439428005
0.06383311 0.06020388819520644
0.06391001 0.05740307279275116
0.063986905 0.05471906431002432
0.0640638 0.05214768603233428
0.0641407 0.04968487683630086
0.0642176 0.04732668956125654
0.064294495 0.04506928932759814
0.06437139 0.042908951806635426
0.06444829 0.04084206144636353
0.06452519 0.03886510965746432
0.064602084 0.03697469296371541
