u pdf
0.023013216 0.4479234617785712
0.023097813 0.4658224267640161
0.023182409 0.484282011490391
0.023267007 0.503312414962746
0.023351602 0.5229236813522116
0.0234362 0.5431256808395781
0.023520796 0.5639280899924091
0.023605393 0.585340371695814
0.023689989 0.6073717546588049
0.023774587 0.6300312125199693
0.023859182 0.6533274425780091
0.02394378 0.6772688441745145
0.024028376 0.7018634967581574
0.024112973 0.7271191376613014
0.024197571 0.753043139621814
0.024282167 0.7796424880846483
0.024366764 0.8069237583195058
0.02445136 0.8348930923926177
0.024535958 0.8635561760323519
0.024620553 0.892918215430005
0.024705151 0.9229839140187118
0.024789747 0.9537574492749433
0.024874344 0.9852424495885329
0.02495894 1.0174419712485605
0.025043538 1.0503584755937567
0.025128134 1.0839938063773271
0.025212731 1.1183491673972379
0.025297327 1.1534251004440847
0.025381925 1.1892214636195924
0.02546652 1.2257374100796723
0.025551118 1.2629713672566758
0.025635714 1.3009210166161167
0.025720311 1.3395832740036235
0.025804907 1.3789542706382398
0.025889505 1.4190293348084333
0.025974102 1.4598029743272585
0.026058698 1.5012688598030601
0.026143296 1.5434198087819162
0.026227891 1.586247770817659
0.026312489 1.6297438135248048
0.026397085 1.6738981096690655
0.026481682 1.7186999253492918
0.026566278 1.7641376093236976
0.026650876 1.8101985835320857
0.026735472 1.8568693348644656
0.02682007 1.904135408224973
0.026904665 1.9519814009383634
0.026989263 2.000390958544537
0.027073858 2.0493467720245704
0.027158456 2.098830576499601
0.027243052 2.1488231514416043
0.02732765 2.1993043224326567
0.027412245 2.2502529645066462
0.027496843 2.301647007104662
0.027581438 2.3534634406723463
0.027666036 2.405678324924475
0.027750632 2.4582667987988396
0.02783523 2.5112030921181616
0.027919827 2.56446053897538
0.028004423 2.6180115928540446
0.02808902 2.6718278434919327
0.028173616 2.7258800354922137
0.028258214 2.7801380886826377
0.02834281 2.834571120219306
0.028427407 2.8891474684275527
0.028512003 2.9438347183684126
0.0285966 2.9985997291150275
0.028681196 3.053408662719171
0.028765794 3.108227014843909
0.02885039 3.163019647034178
0.028934987 3.2177508205928613
0.029019583 3.272384232025754
0.02910418 3.326883050014591
0.029188776 3.3812099538731806
0.029273374 3.4353271734375554
0.02935797 3.489196530337025
0.029442567 3.542779480588995
0.029527163 3.5960371584565323
0.02961176 3.6489304215038545
0.029696358 3.701419896781188
0.029780954 3.7534660280669074
0.029865552 3.8050291240913445
0.029950147 3.8560694076634356
0.030034745 3.906547065618142
0.03011934 3.95642229949964
0.030203938 4.005655376892467
0.030288534 4.054206683310158
0.030373132 4.102036774548519
0.030457728 4.149106429408448
0.030542325 4.195376702691238
0.030626921 4.240808978367481
0.030711519 4.285365022819202
0.030796114 4.329007038053533
0.030880712 4.371697714785153
0.030965308 4.4134002852839735
0.031049905 4.454078575883963
0.031134501 4.4936970590487375
0.031219099 4.5322209048895346
0.031303696 4.569616032031406
0.03138829 4.6058491577240375
0.031472888 4.640887847094339
0.031557485 4.674700561439039
0.031642083 4.707256705456847
0.03172668 4.738526673321336
0.031811275 4.768481893497552
0.031895872 4.797094872207522
0.03198047 4.8243392354521415
0.032065067 4.85018976949967
0.03214966 4.874622459753796
0.03223426 4.897614527917521
0.032318857 4.9191444673723215
0.032403454 4.939192076695724
0.032488048 4.957738491244177
0.032572646 4.9747662127321
0.032657243 4.990259136742222
0.03274184 5.00420257810663
0.032826435 5.01658329410259
0.032911032 5.027389505411781
0.03299563 5.036610914796585
0.033080228 5.044238723451919
0.03316482 5.050265644996307
0.03324942 5.0546859170710015
0.033334017 5.057495310521364
0.033418614 5.058691136139972
0.033503212 5.058272248956434
0.033587806 5.056239050064331
0.033672404 5.052593485981185
0.033757 5.0473390455429055
0.0338416 5.040480754339639
0.033926193 5.032025166705451
0.03401079 5.021980355279693
0.034095388 5.010355898163361
0.034179986 4.997162863699017
0.03426458 4.982413792908154
0.034349177 4.9661226796249975
0.034433775 4.948304948370807
0.034518372 4.928977430017635
0.034602966 4.90815833529531
0.034687564 4.885867226199991
0.03477216 4.862124985367146
0.03485676 4.836953783476061
0.034941353 4.810377044757079
0.03502595 4.782419410676692
0.03511055 4.7531067018792355
0.035195146 4.722465878467475
0.035279743 4.690524998707525
0.035364337 4.657313176246614
0.035448935 4.62286053593492
0.035533533 4.587198168345204
0.03561813 4.550358083086265
0.035702724 4.512373161008166
0.03578732 4.473277105398955
0.03587192 4.433104392274045
0.035956517 4.39189021986061
0.03604111 4.349670457380263
0.03612571 4.306481593233959
0.036210306 4.262360682693409
0.036294904 4.217345295203439
0.036379497 4.171473461399549
0.036464095 4.124783619944499
0.036548693 4.077314564287113
0.03663329 4.029105389445519
0.036717884 3.9801954389158656
0.03680248 3.930624251806161
0.03688708 3.8804315102931706
0.036971677 3.8296569874984745
0.03705627 3.778340495877616
0.03714087 3.7265218362139896
0.037225466 3.674240747306591
0.037310064 3.621536856437985
0.03739466 3.5684496307060227
0.037479255 3.515018329299686
0.037563853 3.461281956796261
0.03764845 3.4072792175536195
0.03773305 3.3530484712679103
0.037817642 3.298627689763253
0.03790224 3.244054415076335
0.037986837 3.1893657188948983
0.038071435 3.134598163405194
0.03815603 3.079787763599428
0.038240626 3.0249699510901533
0.038325224 2.9701795394744286
0.03840982 2.9154506912863845
0.038494416 2.860816886572624
0.038579013 2.80631089312072
0.03866361 2.7519647383668033
0.03874821 2.697809683004079
0.038832802 2.6438761963099173
0.0389174 2.590193933205015
0.039001998 2.536791713054059
0.039086595 2.483697500213238
0.039171193 2.4309383863260337
0.039255787 2.378540574364782
0.039340384 2.32652936441171
0.039424982 2.274929141169445
0.03950958 2.223763363187373
0.039594173 2.1730545537867374
0.03967877 2.1228242936639847
0.03976337 2.0730932151486283
0.039847966 2.0238809980887678
0.03993256 1.9752063673344398
0.040017158 1.9270870917861338
0.040101755 1.879539984973121
0.040186353 1.8325809071237231
0.040270947 1.786224768687255
0.040355545 1.7404855352651825
0.040440142 1.6953762339069556
0.04052474 1.6509089607241134
0.040609334 1.607094889774507
0.04069393 1.5639442831669472
0.04077853 1.5214665023351734
0.040863127 1.4796700204288198
0.040947724 1.4385624357679847
0.041032318 1.3981504863071155
0.041116916 1.3584400650531623
0.041201513 1.3194362363823995
0.04128611 1.2811432531998606
0.041370705 1.2435645748850768
0.041455302 1.2067028859676823
0.0415399 1.1705601154764682
0.041624498 1.1351374569056323
0.04170909 1.1004353887422755
0.04179369 1.066453695499622
0.041878287 1.033191489201003
0.041962884 1.000647231260322
0.04204748 0.9688187547055173
0.042132076 0.9377032866924389
0.042216673 0.9072974712575687
0.04230127 0.8775973922591234
0.042385865 0.8485985964572699
0.042470463 0.8202961166854735
0.04255506 0.7926844950663636
0.042639658 0.7657578062269245
0.04272425 0.7395096804693397
0.04280885 0.7139333268553576
0.042893447 0.6890215561636799
0.042978045 0.6647668036815181
0.043062642 0.6411611517931785
0.043147236 0.6181963523302605
0.043231834 0.5958638486498263
0.04331643 0.5741547974086799
0.04340103 0.5530600900036973
0.043485623 0.5325703736499678
0.04357022 0.5126760720703158
0.043654818 0.4933674057716022
0.043739416 0.4746344118850081
0.04382401 0.45646696354931526
0.043908607 0.43885478881797935
0.043993205 0.42178748907256663
0.044077802 0.405254556926869
0.044162396 0.38924539360772864
0.044246994 0.3737493258002934
0.04433159 0.3587556219470766
0.04441619 0.34425350799180393
0.044500783 0.33023218256060993
0.04458538 0.31668083157467
0.04466998 0.30358864228983856
0.044754576 0.2909448167602972
0.044839174 0.2787385847245987
0.044923767 0.26695921591382404
0.045008365 0.2555960317828412
0.045092963 0.24463841666688294
0.04517756 0.23407582836681234
0.045262154 0.22389780816756225
0.04534675 0.21409399029527357
0.04543135 0.20465411081965235
0.045515947 0.1955680160089895
0.04560054 0.18682567014616513
0.04568514 0.17841716281476266
0.045769736 0.17033271566518057
0.045854334 0.16256268867131615
0.045938928 0.15509758588904007
0.046023525 0.14792806072825876
0.046108123 0.14104492075088568
0.04619272 0.13443913200751695
0.046277314 0.12810182292602065
0.046361912 0.12202428776561479
0.04644651 0.11619798965032525
0.046531107 0.1106145631959756
0.046615705 0.10526581674508291
0.0467003 0.10014373422419866
0.046784896 0.09524047663836735
0.046869494 0.09054838321745153
0.04695409 0.0860599722291231
0.047038686 0.08176794147331742
0.047123283 0.07766516847292029
0.04720788 0.07374471037538542
0.04729248 0.06999980357988049
0.047377072 0.06642386310442844
0.04746167 0.063010481707346
0.047546268 0.05975342877709546
0.047630865 0.05664664900444809
0.04771546 0.053684260850621376
0.047800057 0.0508605548247905
0.047884654 0.048169991584096405
0.047969252 0.04560719986897241
0.048053846 0.04316697428629951
0.048138443 0.040844272952569496
0.04822304 0.03863421500889477
0.04830764 0.036532078019350454
0.048392236 0.03453329526377078
0.04847683 0.032633452935752615
0.048561428 0.030828287256240428
0.048646025 0.02911368151268505
0.048730623 0.02748566303338152
0.048815217 0.025940400106203087
0.048899814 0.02447419885055704
0.048984412 0.023083500050998643
0.04906901 0.021764875960548363
0.049153604 0.020515027081371276
0.0492382 0.01933077893009155
0.0493228 0.01820907879463458
0.049407396 0.017146992489113194
0.04949199 0.016141701112902498
0.049576588 0.015190497819684541
0.049661186 0.014290784601885188
0.049745783 0.01344006909557564
0.049830377 0.012635961410568297
0.049914975 0.011876170990103034
0.049999572 0.011158503504194436
0.05008417 0.010480857780395298
0.050168764 0.00984122277542466
0.05025336 0.009237674590813327
0.05033796 0.008668373535432435
0.050422557 0.008131561237495765
0.050507154 0.0076255578083601295
0.05059175 0.007148759060193552
0.050676346 0.006699633779336668
0.050760943 0.006276721056948513
0.05084554 0.005878627678305273
0.050930135 0.00550402557190749
0.051014733 0.00515164931934941
0.05109933 0.00482029372671222
0.051183928 0.004508811458061757
0.05126852 0.0042161107314596475
0.05135312 0.003941153077735766
0.051437717 0.0036829511621180597
0.051522315 0.0034405666686740137
0.05160691 0.003213108247385056
0.051691506 0.002999729523551798
0.051776104 0.0027996271691131313
0.0518607 0.002612039035356093
0.051945295 0.002436242346395404
0.052029893 0.0022715519527119056
0.05211449 0.002117318643956863
0.052199088 0.0019729275201546058
0.052283686 0.0018377964203683298
0.05236828 0.0017113744078334225
0.052452877 0.0015931403105084979
0.052537475 0.001482601315946673
0.052622072 0.001379291619347701
0.052706666 0.0012827711236155096
0.052791264 0.0011926241902150381
0.05287586 0.0011084584395964815
0.05296046 0.0010299035999343934
0.053045053 0.0009566104029127492
0.05312965 0.0008882495252751201
0.05321425 0.000824510574851059
0.053298846 0.0007651011197655778
0.05338344 0.0007097457595377976
0.053468037 0.0006581852367773611
0.053552635 0.0006101755881925677
0.053637233 0.0005654873336325253
0.053721827 0.0005239047018963321
0.053806424 0.00048522489205543503
0.05389102 0.00044925736905053183
0.05397562 0.0004158231923415804
0.054060217 0.00038475437640835794
0.05414481 0.000355893281919486
0.05422941 0.00032909203640970355
0.054314006 0.0003042119833282221
0.054398604 0.0002811231583451823
0.054483198 0.00025970379182825066
0.054567795 0.00023983983642729225
0.054652393 0.0002214245187315338
0.05473699 0.00020435791399068284
0.054821584 0.0001885465429189071
0.054906182 0.00017390298962835138
0.05499078 0.00016034553976682962
0.055075377 0.000147797837962412
0.05515997 0.0001361885637057429
0.05524457 0.00012545112482897894
0.055329166 0.00011552336776817743
0.055413764 0.00010634730382370143
0.055498358 9.786885066069995e-05
0.055582955 9.00375883189043e-05
0.055667553 8.280652902779574e-05
0.05575215 7.613190014961678e-05
0.05583675 6.997293959866839e-05
0.055921342 6.429170311081936e-05
0.05600594 5.90528827621309e-05
0.056090537 5.4223636159927605e-05
0.056175135 4.97734257535197e-05
0.05625973 4.567386773506046e-05
0.056344327 4.189859002370748e-05
0.056428924 3.842309884832353e-05
0.05651352 3.522465346539816e-05
0.056598116 3.2282148569679095e-05
0.056682713 2.9576003975178073e-05
0.05676731 2.7088061163746958e-05
0.05685191 2.4801486317313414e-05
0.056936502 2.2700679468117814e-05
0.0570211 2.0771189418908952e-05
0.057105698 1.89996341020424e-05
0.057190295 1.7373626062786707e-05
0.05727489 1.588170276788597e-05
0.057359487 1.4513261455564062e-05
0.057444084 1.3258498257694903e-05
0.057528682 1.2108351338815876e-05
0.057613276 1.1054447810038015e-05
0.057697874 1.008905418872464e-05
0.05778247 9.205030187075581e-06
0.05786707 8.395785624488455e-06
0.057951666 7.655240269779413e-06
0.05803626 6.977786430052829e-06
0.058120858 6.358254113224574e-06
0.058205456 5.791878600942164e-06
0.058290053 5.2742702779246035e-06
0.058374647 4.801386572576578e-06
0.058459245 4.36950587213526e-06
0.058543842 3.975203283594857e-06
0.05862844 3.6153281192422188e-06
0.058713034 3.2869829928391146e-06
0.05879763 2.9875044193199326e-06
0.05888223 2.714444817349848e-06
0.058966827 2.465555820225457e-06
0.05905142 2.238772806407886e-06
0.05913602 2.0322005664748335e-06
0.059220616 1.844100028473786e-06
0.059305213 1.6728759685683826e-06
0.059389807 1.5170656385059693e-06
0.059474405 1.375328245809348e-06
0.059559003 1.24643522672176e-06
0.0596436 1.129261255822941e-06
0.059728198 1.0227759398972921e-06
0.05981279 9.260361470836004e-07
0.05989739 8.381789255800195e-07
0.059981987 7.584149692286836e-07
0.060066584 6.860225901709178e-07
0.06015118 6.203421614563957e-07
0.060235776 5.607709950166964e-07
0.060320374 5.067586227843955e-07
0.06040497 4.578024509615801e-07
0.060489565 4.134437595244413e-07
0.060574163 3.732640210012247e-07
0.06065876 3.368815143865991e-07
0.060743358 3.0394821176353364e-07
0.060827952 2.741469168007945e-07
0.06091255 2.471886357865171e-07
0.060997147 2.2281016325219438e-07
0.061081745 2.007718655425955e-07
0.06116634 1.8085564690108284e-07
0.061250936 1.6286308377185356e-07
0.061335534 1.4661371407573852e-07
0.06142013 1.3194346919903118e-07
0.06150473 1.1870323734992503e-07
0.061589323 1.0675754778871701e-07
0.06167392 9.598336622998172e-08
0.06175852 8.626899245124652e-08
0.061843116 7.751305182686231e-08
0.06192771 6.962357314115201e-08
0.062012307 6.251714562470602e-08
0.062096905 5.611814870489577e-08
0.062181503 5.035804846908676e-08
0.062266096 4.517475530936559e-08
0.062350694 4.0512037653283485e-08
0.06243529 3.6318987088579524e-08
0.062519886 3.2549530563232764e-08
0.06260449 2.9161985687615684e-08
0.06268908 2.6118655484902288e-08
0.062773675 2.3385459231047438e-08
0.062858276 2.093159629832085e-08
0.06294287 1.872924016811975e-08
0.06302747 1.675326001112439e-08
0.063112065 1.4980967447167698e-08
0.06319666 1.3391886294791927e-08
0.06328126 1.196754330256572e-08
0.063365854 1.0691278021982959e-08
0.063450456 9.548070136207262e-09
0.06353505 8.524382701069118e-09
0.06361964 7.608019885469768e-09
0.063704245 6.787997918568057e-09
0.06378884 6.05442806161412e-09
0.06387343 5.398410523789862e-09
0.063958034 4.8119383346137935e-09
0.06404263 4.2878102710011066e-09
0.06412723 3.819552015540454e-09
0.06421182 3.401344794501776e-09
0.06429642 3.027960810041117e-09
0.06438102 2.694704841489504e-09
0.06446561 2.3973614459449238e-09
0.064550206 2.132147239033302e-09
0.06463481 1.895667783045195e-09
0.0647194 1.6848786520339501e-09
0.064804 1.4970502822033593e-09
0.0648886 1.3297362513122247e-09
0.06497319 1.1807446631560039e-09
0.06505779 1.0481123427034935e-09
0.065142386 9.300815744035802e-10
0.06522699 8.250791407478472e-10
0.06531158 7.316974405778502e-10
0.065396175 6.486774870435362e-10
0.065480776 5.748936037194904e-10
0.06556537 5.093396543232142e-10
0.065649964 4.5111665689615163e-10
0.065734565 3.994216473347809e-10
0.06581916 3.535376699152423e-10
0.06590376 3.128247840511307e-10
0.065988354 2.767119870611893e-10
0.06607295 2.4468996229434356e-10
0.06615755 2.1630457064887972e-10
0.06624214 1.9115101140839864e-10
0.06632674 1.6886858547080226e-10
