u pdf
0.023013216 0.032954228087997806
0.023097813 0.03455734716772933
0.023182409 0.036227875512891146
0.023267007 0.03796808066596644
0.023351602 0.03978027816964129
0.0234362 0.04166683121726352
0.023520796 0.043630150222808736
0.023605393 0.04567269230762003
0.023689989 0.04779696070123994
0.023774587 0.05000550405371157
0.023859182 0.05230091565679591
0.02394378 0.054685832571628484
0.024028376 0.05716293466042584
0.024112973 0.05973494351994738
0.024197571 0.062404621314524025
0.024282167 0.06517476950657929
0.024366764 0.06804822748269218
0.02445136 0.07102787107338639
0.024535958 0.07411661096497188
0.024620553 0.07731739100192016
0.024705151 0.08063318637841548
0.024789747 0.08406700171789783
0.024874344 0.0876218690395946
0.02495894 0.09130084561122982
0.025043538 0.09510701168729971
0.025128134 0.09904346813251307
0.025212731 0.10311333393021357
0.025297327 0.10731974357582805
0.025381925 0.11166584435561948
0.02546652 0.11615479351126781
0.025551118 0.12078975529105158
0.025635714 0.12557389788866236
0.025720311 0.13051039027094816
0.025804907 0.13560239889615414
0.025889505 0.1408530843245052
0.025974102 0.14626559772325898
0.026058698 0.1518430772686427
0.026143296 0.15758864444738185
0.026227891 0.16350540026081595
0.026312489 0.16959642133492725
0.026397085 0.17586475593981676
0.026481682 0.18231341992261335
0.026566278 0.18894539255795378
0.026650876 0.19576361232056436
0.026735472 0.20277097258474433
0.02682007 0.20997031725585613
0.026904665 0.21736443633922456
0.026989263 0.22495606145212974
0.027073858 0.2327478612849028
0.027158456 0.24074243701735526
0.027243052 0.2489423176971129
0.02732765 0.25734995558665885
0.027412245 0.2659677214861623
0.027496843 0.27479790003942545
0.027581438 0.28384268503051796
0.027666036 0.2931041746789092
0.027750632 0.3025843669411213
0.02783523 0.3122851548271395
0.027919827 0.32220832174000874
0.028004423 0.33235553684722513
0.02808902 0.34272835049269756
0.028173616 0.3533281896581996
0.028258214 0.3641563534833688
0.02834281 0.3752140088534174
0.028427407 0.38650218606381975
0.028512003 0.3980217745713135
0.0285966 0.4097735188406079
0.028681196 0.42175801429623
0.028765794 0.43397570338894803
0.02885039 0.44642687178621043
0.028934987 0.4591116446960008
0.029019583 0.4720299833334617
0.02910418 0.48518168153956
0.029188776 0.4985663625609678
0.029273374 0.5121834760002097
0.02935797 0.5260322949449778
0.029442567 0.5401119132853435
0.029527163 0.5544212432273997
0.02961176 0.568959013011648
0.029696358 0.5837237648441933
0.029780954 0.5987138530485503
0.029865552 0.6139274424455604
0.029950147 0.6293625069686135
0.030034745 0.6450168285210192
0.03011934 0.6608879960820129
0.030203938 0.6769734050675007
0.030288534 0.693270256951231
0.030373132 0.7097755591516627
0.030457728 0.7264861251893432
0.030542325 0.7433985751191476
0.030626921 0.7605093362412352
0.030711519 0.7778146440940873
0.030796114 0.7953105437324554
0.030880712 0.81299289129252
0.030965308 0.8308573558460042
0.031049905 0.8488994215444293
0.031134501 0.8671143900541037
0.031219099 0.8854973832818724
0.031303696 0.9040433463910362
0.03138829 0.922747051106258
0.031472888 0.9416030993056581
0.031557485 0.9606059268976295
0.031642083 0.9797498079794799
0.03172668 0.999028859274031
0.031811275 1.0184370448400504
0.031895872 1.0379681810515449
0.03198047 1.0576159418403914
0.032065067 1.0773738641961754
0.03214966 1.0972353539164703
0.03223426 1.1171936916002188
0.032318857 1.1372420388762654
0.032403454 1.1573734448585182
0.032488048 1.1775808528186453
0.032572646 1.1978571070666617
0.032657243 1.2181949600292261
0.03274184 1.2385870795149356
0.032826435 1.2590260561554274
0.032911032 1.2795044110105875
0.03299563 1.3000146033257325
0.033080228 1.3205490384281835
0.03316482 1.3411000757502403
0.03324942 1.3616600369651832
0.033334017 1.382221214222635
0.033418614 1.4027758784688384
0.033503212 1.4233162878384402
0.033587806 1.4438346961018904
0.033672404 1.4643233611545354
0.033757 1.484774553531945
0.0338416 1.5051805649363021
0.033926193 1.5255337167584642
0.03401079 1.5458263685802087
0.034095388 1.5660509266410982
0.034179986 1.5861998522543845
0.03426458 1.6062656701563385
0.034349177 1.6262409767734654
0.034433775 1.6461184483921174
0.034518372 1.6658908492151172
0.034602966 1.6855510392901718
0.034687564 1.705091982295015
0.03477216 1.7245067531644467
0.03485676 1.7437885455446687
0.034941353 1.7629306790606225
0.03502595 1.7819266063823391
0.03511055 1.800769920076656
0.035195146 1.8194543592310581
0.035279743 1.8379738158368013
0.035364337 1.8563223409189233
0.035448935 1.874494150401229
0.035533533 1.8924836306948365
0.03561813 1.9102853439993983
0.035702724 1.9278940333066839
0.03578732 1.9453046270967704
0.03587192 1.962512243717716
0.035956517 1.979512195440202
0.03604111 1.9962999921792937
0.03612571 2.0128713448761144
0.036210306 2.029222168532966
0.036294904 2.045348584895997
0.036379497 2.061246924780476
0.036464095 2.0769137300341702
0.036548693 2.0923457551352844
0.03663329 2.1075399684220555
0.036717884 2.1224935529518776
0.03680248 2.137203906988623
0.03688708 2.1516686441175126
0.036971677 2.1658855929877534
0.03705627 2.1798527966838237
0.03714087 2.1935685117271477
0.037225466 2.2070312067105715
0.037310064 2.2202395605688734
0.03739466 2.233192460489258
0.037479255 2.2458889994665197
0.037563853 2.2583284735083144
0.03764845 2.2705103784966627
0.03773305 2.282434406712528
0.037817642 2.2941004430310077
0.03790224 2.3055085607953285
0.037986837 2.3166590173784942
0.038071435 2.3275522494420784
0.03815603 2.338188867902258
0.038240626 2.348569652613768
0.038325224 2.358695546783036
0.03840982 2.368567651122288
0.038494416 2.3781872177569428
0.038579013 2.3875556438990873
0.03866361 2.3966744653002996
0.03874821 2.4055453494975203
0.038832802 2.4141700888660615
0.0389174 2.4225505934942375
0.039001998 2.4306888838944305
0.039086595 2.438587083565717
0.039171193 2.446247411423468
0.039255787 2.4536721741114396
0.039340384 2.4608637582130695
0.039424982 2.4678246223758995
0.03950958 2.4745572893681946
0.039594173 2.4810643380819077
0.03967877 2.487348395499263
0.03976337 2.493412128639265
0.039847966 2.4992582365005864
0.03993256 2.5048894420172805
0.040017158 2.5103084840437275
0.040101755 2.515518109385105
0.040186353 2.5205210648895866
0.040270947 2.52532008961831
0.040355545 2.5299179071089855
0.040440142 2.534317217748787
0.04052474 2.5385206912719505
0.040609334 2.542530959397209
0.04069393 2.546350608619904
0.04077853 2.549982173173249
0.040863127 2.553428128173143
0.040947724 2.556690882959666
0.041032318 2.5597727746494487
0.041116916 2.5626760619112154
0.041201513 2.565402918977211
0.04128611 2.56795542990244
0.041370705 2.57033558308318
0.041455302 2.5725452660457226
0.0415399 2.5745862605157184
0.041624498 2.576460237777959
0.04170909 2.578168754335836
0.04179369 2.5797132478791047
0.041878287 2.5810950335679723
0.041962884 2.5823153006408903
0.04204748 2.5833751093528026
0.042132076 2.5842753882498943
0.042216673 2.5850169317862832
0.04230127 2.585600398287356
0.042385865 2.5860263082637918
0.042470463 2.5862950430796214
0.04255506 2.5864068439769485
0.042639658 2.586361811459281
0.04272425 2.5861599050346724
0.04280885 2.585800943319211
0.042893447 2.585284604500613
0.042978045 2.5846104271610426
0.043062642 2.5837778114575016
0.043147236 2.5827860206574598
0.043231834 2.581634183026679
0.04331643 2.5803212940654996
0.04340103 2.578846219089143
0.043485623 2.5772076961469184
0.04357022 2.5754043392745447
0.043654818 2.57343464207312
0.043739416 2.5712969816076456
0.04382401 2.568989622617338
0.043908607 2.566510722029373
0.043993205 2.5638583337670626
0.044077802 2.561030413842902
0.044162396 2.5580248257263247
0.044246994 2.55483934597546
0.04433159 2.5514716701216518
0.04441619 2.5479194187950074
0.044500783 2.5441801440784784
0.04458538 2.5402513360784096
0.04466998 2.536130429697446
0.044754576 2.531814811596949
0.044839174 2.5273018273346053
0.044923767 2.522588788662942
0.045008365 2.517672980974036
0.045092963 2.5125516708753968
0.04517756 2.5072221138817454
0.045262154 2.5016815622071054
0.04534675 2.4959272726414503
0.04543135 2.4899565144959235
0.045515947 2.483766577600508
0.04560054 2.477354780337865
0.04568514 2.4707184776969897
0.045769736 2.4638550693302634
0.045854334 2.456762007597424
0.045938928 2.4494368055801585
0.046023525 2.4418770450500227
0.046108123 2.4340803843754752
0.04619272 2.426044566348929
0.046277314 2.417767425919829
0.046361912 2.409246897816932
0.04644651 2.4004810240442183
0.046531107 2.3914679612348766
0.046615705 2.3822059878481396
0.0467003 2.372693511193993
0.046784896 2.36292907427116
0.046869494 2.3529113624040714
0.04695409 2.3426392096649695
0.047038686 2.332111605067689
0.047123283 2.3213276985201077
0.04720788 2.3102868065227544
0.04729248 2.2989884176015503
0.047377072 2.287432197463196
0.04746167 2.275617993862279
0.047546268 2.2635458411697447
0.047630865 2.251215964632985
0.04771546 2.2386287843184274
0.047800057 2.2257849187281327
0.047884654 2.212685188082599
0.047969252 2.199330617262624
0.048053846 2.185722438403798
0.048138443 2.171862093137887
0.04822304 2.1577512344761147
0.04830764 2.1433917283300574
0.048392236 2.1287856546666304
0.04847683 2.1139353082944026
0.048561428 2.098843199279203
0.048646025 2.0835120529877664
0.048730623 2.0679448097589455
0.048815217 2.0521446242027377
0.048899814 2.036114864128185
0.048984412 2.0198591091019322
0.04906901 2.0033811486400106
0.049153604 1.9866849800361641
0.0492382 1.9697748058306823
0.0493228 1.952655030924715
0.049407396 1.9353302593453392
0.04949199 1.9178052906677392
0.049576588 1.9000851161013557
0.049661186 1.8821749142475697
0.049745783 1.8640800465371758
0.049830377 1.8458060523565036
0.049914975 1.8273586438716694
0.049999572 1.8087437005610463
0.05008417 1.7899672634666
0.050168764 1.7710355291752655
0.05025336 1.7519548435420886
0.05033796 1.7327316951673168
0.050422557 1.7133727086400898
0.050507154 1.6938846375618137
0.05059175 1.674274357362699
0.050676346 1.654548857925293
0.050760943 1.634715236029196
0.05084554 1.6147806876314228
0.050930135 1.594752499997153
0.051014733 1.574638043695831
0.05109933 1.554444764477782
0.051183928 1.5341801750466622
0.05126852 1.513851846743182
0.05135312 1.4934674011556412
0.051437717 1.47303450167285
0.051522315 1.4525608449950402
0.05160691 1.4320541526183397
0.051691506 1.411522162308343
0.051776104 1.3909726195781942
0.0518607 1.3704132691865154
0.051945295 1.349851846670249
0.052029893 1.329296069927746
0.05211449 1.3087536308659262
0.052199088 1.2882321871272078
0.052283686 1.267739353909469
0.05236828 1.2472826958933079
0.052452877 1.2268697192900453
0.052537475 1.2065078640236426
0.052622072 1.1862044960592852
0.052706666 1.1659668998909687
0.052791264 1.1458022711999611
0.05287586 1.1257177096955642
0.05296046 1.1057202121490872
0.053045053 1.0858166656314365
0.05312965 1.0660138409642084
0.05321425 1.0463183863936034
0.053298846 1.0267368214959367
0.05338344 1.0072755313229345
0.053468037 0.9879407607944226
0.053552635 0.9687386093454171
0.053637233 0.9496750258340142
0.053721827 0.9307558037158642
0.053806424 0.9119865764904618
0.05389102 0.8933728134236509
0.05397562 0.8749198155504713
0.054060217 0.8566327119615021
0.05414481 0.8385164563754489
0.05422941 0.8205758240000204
0.054314006 0.802815408682548
0.054398604 0.785239620351186
0.054483198 0.7678526827469295
0.054567795 0.7506586314460998
0.054652393 0.7336613121723565
0.05473699 0.716864379396732
0.054821584 0.7002712952236231
0.054906182 0.6838853285601328
0.05499078 0.6677095545656234
0.055075377 0.6517468543778319
0.05515997 0.6359999151114099
0.05524457 0.6204712301242598
0.055329166 0.6051630995465986
0.055413764 0.5900776310672324
0.055498358 0.5752167409711099
0.055582955 0.5605821554218349
0.055667553 0.5461754119824387
0.05575215 0.5319978613673662
0.05583675 0.5180506694183037
0.055921342 0.5043348192961692
0.05600594 0.4908511138813134
0.056090537 0.4776001783737175
0.056175135 0.46458246308474566
0.05625973 0.45179824641180555
0.056344327 0.4392476379870829
0.056428924 0.42693058199136
0.05651352 0.41484686062379705
0.056598116 0.4029960977184385
0.056682713 0.39137776249812656
0.05676731 0.3799911734564354
0.05685191 0.3688355023582033
0.056936502 0.3579097783492213
0.0570211 0.3472128921656403
0.057105698 0.33674360043368456
0.057190295 0.3265005300503087
0.05727489 0.3164821826355007
0.057359487 0.3066869390470196
0.057444084 0.2971130639484648
0.057528682 0.28775871042169504
0.057613276 0.27862192461475904
0.057697874 0.26970065041665625
0.05778247 0.26099273415041935
0.05786707 0.2524959292762
0.057951666 0.24420790109624102
0.05803626 0.23612623145383319
0.058120858 0.22824842341858367
0.058205456 0.220571905950561
0.058290053 0.21309403853613137
0.058374647 0.20581211578855613
0.058459245 0.19872337200670542
0.058543842 0.19182498568546782
0.05862844 0.1851140839717956
0.058713034 0.17858774706053532
0.05879763 0.17224301252453086
0.05888223 0.1660768795737644
0.058966827 0.16008631323860825
0.05905142 0.15426824847252776
0.05913602 0.14861959416996928
0.059220616 0.14313723709531953
0.059305213 0.13781804571927264
0.059389807 0.13265887395915227
0.059474405 0.12765656482006701
0.059559003 0.12280795393406575
0.0596436 0.1181098729947561
0.059728198 0.1135591530851359
0.05981279 0.10915262789667265
0.05989739 0.1048871368379467
0.059981987 0.1007595280314456
0.060066584 0.09676666119736702
0.06015118 0.09290541042354741
0.060235776 0.08917266682088773
0.060320374 0.08556534106389471
0.06040497 0.08208036581619439
0.060489565 0.07871469804110573
0.060574163 0.0754653211975831
0.06065876 0.07232924732205141
0.060743358 0.0693035189968605
0.060827952 0.06638521120628153
0.06091255 0.0635714330811539
0.060997147 0.060859329533466795
0.061081745 0.05824608278232798
0.06116634 0.05572891377292766
0.061250936 0.05330508349025485
0.061335534 0.05097189416945955
0.06142013 0.048726690404884684
0.06150473 0.04656686015990772
0.061589323 0.044489835679843555
0.06167392 0.04249309431025822
0.06175852 0.040574159223134475
0.061843116 0.038730600053410696
0.06192771 0.03696003344848791
0.062012307 0.03526012353336179
0.062096905 0.03362858229409286
0.062181503 0.032063169882373344
0.062266096 0.030561694843987887
0.062350694 0.02912201427399598
0.06243529 0.027742033901485993
0.062519886 0.02641970810676662
0.06260449 0.025153039873869243
0.06268908 0.023940080681236518
0.062773675 0.02277893033346678
0.062858276 0.02166773673697318
0.06294287 0.02060469562239818
0.06302747 0.019588050216601965
0.063112065 0.01861609086701443
0.06319666 0.01768715462110736
0.06328126 0.016799624763705508
0.063365854 0.015951930314812554
0.063450456 0.015142545490582157
0.06353505 0.014369989130013267
0.06361964 0.013632824089896294
0.063704245 0.012929656610477337
0.06378884 0.01225913565425442
0.06387343 0.011619952220247034
0.063958034 0.011010838636025973
0.06404263 0.010430567829717819
0.06412723 0.009877952584132021
0.06421182 0.009351844775088441
0.06429642 0.00885113459595216
0.06438102 0.008374749770310197
0.06446561 0.00792165475465202
0.064550206 0.007490849932842227
0.06463481 0.007081370804100108
0.0647194 0.0066922871661269576
0.064804 0.006322702294948083
0.0648886 0.005971752122963113
0.06497319 0.005638604416624883
0.06505779 0.005322457955094794
0.065142386 0.005022541711150726
0.06522699 0.004738114035552619
0.06531158 0.00446846184600109
0.065396175 0.0042128998217555915
0.065480776 0.003970769604911255
0.06556537 0.0037414390092674007
0.065649964 0.0035243012376560703
0.065734565 0.003318774108535831
0.06581916 0.003124299292594621
0.06590376 0.0029403415600456288
0.065988354 0.002766388039242139
0.06607295 0.00260194748718104
0.06615755 0.0024465495724102964
0.06624214 0.002299744170803165
0.06632674 0.002161100674611314
