intensity ch0
0.003 0
0.005 0
0.007 0.00011904325261893218
0.009 0.0012115644645240434
0.011 0.0019117360213478222
0.013 0.0031134389146489955
0.015 0.004079168496545777
0.017 0.004157356668384247
0.019 0.003966464825427261
0.021 0.003834038011863005
0.023 0.0036121526593484274
0.025 0.0034318267855588023
0.027 0.0034254872040583857
0.029 0.0030627222626456634
0.031 0.002697139729454978
0.033 0.002683051770565164
0.035 0.0033937892965563033
0.037 0.004017885875375084
0.039 0.004600422975468912
0.041 0.004876546969709275
0.043 0.007106670861966904
0.045 0.006588233974821732
0.047 0.006246600971743731
0.049 0.005824666602993789
0.051 0.0062318086149094265
0.053 0.006515680986539187
0.055 0.006711503615107609
0.057 0.0077807796948445255
0.059 0.009107865422265047
0.061 0.011918413220783033
0.063 0.013196191092089204
0.065 0.014334498170386213
0.067 0.019365308289938956
0.069 0.022063152417338423
0.071 0.024539111192223316
0.073 0.028902152060398853
0.075 0.032207187215949326
0.077 0.03518467732731161
0.079 0.03767261086725285
0.081 0.04142634751344391
0.083 0.04485958309489169
0.085 0.048416088316625354
0.087 0.05609120831979627
0.089 0.06980935828875309
0.091 0.08488558749468804
0.093 0.10027245619414339
0.095 0.10977126247560079
0.097 0.11969341192169712
0.099 0.12998607468659557
0.101 0.1367722444838192
0.103 0.1472255099800615
0.105 0.15948062541831112
0.107 0.17739910033026612
0.109 0.19609100418527195
0.111 0.2111806169521522
0.113 0.22919770757633592
0.115 0.2573384054587403
0.117 0.29533010859484743
0.119 0.328433289996189
0.121 0.35753196908310075
0.123 0.3898891930612266
0.125 0.4239975503293564
0.127 0.4508182064637852
0.129 0.4875870747682564
0.131 0.5297495181336931
0.133 0.5695071469166385
0.135 0.618404339029351
0.137 0.6540102463274681
0.139 0.6811028000684702
0.141 0.7143264335183197
0.143 0.756486763689923
0.145 0.803298937886943
0.147 0.8457530020013988
0.149 0.8761745404280641
0.151 0.8891136262704142
0.153 0.9172472801733738
0.155 0.9609833485468027
0.157 0.9879307963112398
0.159 1.0355297830122558
0.161 1.1223827539659066
0.163 1.1945243738488684
0.165 1.3069462857895877
0.167 1.4898981551162742
0.169 1.6074459708990527
0.171 1.6744546429605107
0.173 1.7993937063748302
0.175 1.897875582994078
0.177 1.9675750552034907
0.179 1.9700636931413764
0.181 1.9618102624257787
0.183 1.9436142547236943
0.185 1.9174205127598623
0.187 1.874116240326406
0.189 1.8375692573744493
0.191 1.7667772639531318
0.193 1.6865118225763585
0.195 1.5958431279574015
0.197 1.5389066421042163
0.199 1.452817942920338
0.201 1.3753827724845284
0.203 1.2994613532314294
0.205 1.2367248547033076
0.207 1.1929958303093235
0.209 1.134462474315978
0.211 1.073319323938294
0.213 1.0543174849877124
0.215 1.0494198060796684
0.217 1.0354931543191424
0.219 1.0229837512229316
0.221 1.0161757450894289
0.223 1.0261753783094192
0.225 1.0581698373461321
0.227 1.1059604202880498
0.229 1.1637358440931234
0.231 1.2074247178042716
0.233 1.209967594383883
0.235 1.2072246687880361
0.237 1.2151357621026115
0.239 1.2041823740657807
0.241 1.1937755988338747
0.243 1.1700719036038174
0.245 1.1209697316892582
0.247 1.0614086590949006
0.249 0.9962603020048426
0.251 0.9300109709275456
0.253 0.8755279031150217
0.255 0.823452467476767
0.257 0.7785583688825952
0.259 0.7301972236056402
0.261 0.6595320218143309
0.263 0.5860766997648937
0.265 0.5214531191434814
0.267 0.46311981216637116
0.269 0.4164379515890819
0.271 0.3776791590914244
0.273 0.3363605844634876
0.275 0.30194229209978185
0.277 0.27438272252158236
0.279 0.24821645207758544
0.281 0.22400418153160584
0.283 0.2105375016288322
0.285 0.2013711711771744
0.287 0.192861339609782
0.289 0.18932878391816102
0.291 0.18529681008389612
0.293 0.18183046779905726
0.295 0.17880860061719206
0.297 0.17709973120385758
0.299 0.1764221003812575
0.301 0.17489214804582365
0.303 0.17243239042366204
0.305 0.17060306896181962
0.307 0.170309335018967
0.309 0.17316214669415442
0.311 0.17545425760552724
0.313 0.17894525381842327
0.315 0.18321179216820357
0.317 0.18631043872601827
0.319 0.19000077955720515
0.321 0.19316916151152444
0.323 0.20016312870237282
0.325 0.20944075402926013
0.327 0.2185232611255235
0.329 0.2291469909243326
0.331 0.2389275563835863
0.333 0.2518046552068212
0.335 0.2669985188694861
0.337 0.2842266837958402
0.339 0.3036258031871147
0.341 0.32384906817344333
0.343 0.35130579565174724
0.345 0.37851457505359043
0.347 0.4121164701996314
0.349 0.4484310018299061
0.351 0.4882337120812989
0.353 0.5265233755479256
0.355 0.5759847904141752
0.357 0.6250383588705647
0.359 0.6824876464273391
0.361 0.7513862181738656
0.363 0.8175587698752131
0.365 0.8895390826288866
0.367 0.9654280995765392
0.369 1.051878154905941
0.371 1.1391269975043956
0.373 1.240872349800469
0.375 1.3429811714358997
0.377 1.4553488447348932
0.379 1.582010865521437
0.381 1.7054206809982673
0.383 1.8505484938996355
0.385 2.0065212175543827
0.387 2.1565981304137427
0.389 2.331568466631405
0.391 2.5069473536568716
0.393 2.6959028066644524
0.395 2.9004811016828933
0.397 3.1070753836184664
0.399 3.3196422557253764
0.401 3.5513553683614885
0.403 3.792888492741746
0.405 4.037480817394926
0.407 4.296704896151069
0.409 4.566845029852983
0.411 4.852946116579114
0.413 5.167866940806137
0.415 5.465654693829312
0.417 5.780448022028383
0.419 6.1241456154816865
0.421 6.456155133842055
0.423 6.806430395301012
0.425 7.175677206598937
0.427 7.5574742760738545
0.429 7.919882087728721
0.431 8.280904348626773
0.433 8.666251583741923
0.435 9.033104146426526
0.437 9.402183311013662
0.439 9.761295244686256
0.441 10.080195917299651
0.443 10.370827691604745
0.445 10.63403161874726
0.447 10.859301603385116
0.449 10.992833617324278
0.451 11.034493120557348
0.453 10.985610016403525
0.455 10.875800716438922
0.457 10.64522943287083
0.459 10.297263187873913
0.461 9.884921310332045
0.463 9.430232437163284
0.465 8.913016271655913
0.467 8.367221272744667
0.469 7.80910071860072
0.471 7.244694821598083
0.473 6.663929986732594
0.475 6.066535725193567
0.477 5.488387728691862
0.479 4.9119486016034895
0.481 4.37472542127875
0.483 3.8615243240549777
0.485 3.4009938787325544
0.487 2.992912199958966
0.489 2.625911713706021
0.491 2.318741380062229
0.493 2.069509890546632
0.495 1.8628712315405562
0.497 1.6924132685553017
0.499 1.5427949187578052
0.501 1.422750012261807
0.503 1.3206588005749886
0.505 1.2372538575596201
0.507 1.1675459325748738
0.509 1.1081989969556414
0.511 1.0481997888398105
0.513 0.9999809319476426
0.515 0.9560701728839799
0.517 0.9087712597073169
0.519 0.870148416012946
0.521 0.8351947812114273
0.523 0.805456508790918
0.525 0.766546270735195
0.527 0.7293723736126415
0.529 0.6941841742956075
0.531 0.6599314154488571
0.533 0.627289614701157
0.535 0.5950669307304288
0.537 0.5710201937014046
0.539 0.5500819648014178
0.541 0.5348486548538615
0.543 0.5143344735164581
0.545 0.4856436408394065
0.547 0.4505596924181571
0.549 0.41664363578887326
0.551 0.3869574888162562
0.553 0.3643956226542184
0.555 0.34600449672151007
0.557 0.326607490524069
0.559 0.3083635837617593
0.561 0.29364518871162565
0.563 0.27785681318381056
0.565 0.26346384998403166
0.567 0.25107067254866183
0.569 0.24181277036422028
0.571 0.2293385871652341
0.573 0.21862610322541917
0.575 0.20776780891109467
0.577 0.19876067239489179
0.579 0.1900514962092085
0.581 0.18038715641079578
0.583 0.17292476458686104
0.585 0.16276382423758237
0.587 0.15391095087122297
0.589 0.14587236152869484
0.591 0.1384867490807096
0.593 0.12981208839430636
0.595 0.12338304835493953
0.597 0.11695048632585024
0.599 0.1097029358749852
0.601 0.1022694243667746
0.603 0.09571922788095537
0.605 0.08940430030859603
0.607 0.08397620974835052
0.609 0.0776908668896598
0.611 0.07276008127822474
0.613 0.0688908233691372
0.615 0.06587881775849487
0.617 0.061822894394117284
0.619 0.05823539566282603
0.621 0.05525860994940823
0.623 0.052922826365476995
0.625 0.050058744323177716
0.627 0.04728200762599529
0.629 0.04478984769838711
0.631 0.04267524506902596
0.633 0.04048315866577083
0.635 0.03974424522200006
0.637 0.037926194127269504
0.639 0.03624550063171464
0.641 0.03454508399371404
0.643 0.032258608265897146
0.645 0.030444079160889048
0.647 0.029410727376321156
0.649 0.02845133737592479
0.651 0.027182012279952508
0.653 0.026080333894769017
0.655 0.02489271896035766
0.657 0.023897404664792267
0.659 0.023114114150518582
0.661 0.021953266337997872
0.663 0.021079108488884883
0.665 0.019933053033198478
0.667 0.019196957181205673
0.669 0.018747551292620592
0.671 0.017702224742996358
0.673 0.017475408604870346
0.675 0.017014732349173414
0.677 0.016316673986183108
0.679 0.015698916988864744
0.681 0.015109335909326008
0.683 0.014501440483230514
0.685 0.014182348214376216
0.687 0.013704062010067016
0.689 0.013146178838030364
0.691 0.012715791693946531
0.693 0.01239317743536978
0.695 0.011728930173715029
0.697 0.01148591288286573
0.699 0.011246417581738883
0.701 0.01090196698688292
0.703 0.01050257335235668
0.705 0.010263078051229833
0.707 0.01002640034188095
0.709 0.009638981472411053
0.711 0.009310732030278376
0.713 0.009086733483930326
0.715 0.008770458806853992
0.717 0.008587315341286404
0.719 0.008384448733273075
0.721 0.008324574907991364
0.723 0.007983646302857854
0.725 0.00772583665517425
0.727 0.0076244033511675855
0.729 0.00744407747737796
0.731 0.007263047205643845
0.733 0.006943954936789547
0.735 0.006840408438949411
0.737 0.006767151052722376
0.739 0.006666422146660202
0.741 0.006451580773590532
0.743 0.006342399092194469
0.745 0.006195179921795908
0.747 0.006191657932073455
0.749 0.005950753835057628
0.751 0.005795786287269669
0.753 0.005731686074321013
0.755 0.005649271514815598
0.757 0.005526001874529722
0.759 0.005523184282751759
0.761 0.005367512337019309
0.763 0.0052217019625097295
0.765 0.005244242696733433
0.767 0.005215362381009313
0.769 0.005054759649665428
0.771 0.005147740178338203
0.773 0.004952621947714273
0.775 0.004849075449874137
0.777 0.004898383305988487
0.779 0.00500756498738455
0.781 0.00489063492859909
0.783 0.004789906022536916
0.785 0.004838509480706776
0.787 0.004817377542372055
0.789 0.00467649795347391
0.791 0.004720170626032335
0.793 0.004792019216370388
0.795 0.004767365288313213
0.797 0.004798358797870805
0.799 0.004769478482146685
0.801 0.004801176389648768
0.803 0.0048821821532652005
0.805 0.004822308327983489
0.807 0.0049293768155460795
0.809 0.00475468612531238
0.811 0.004810333562927147
0.813 0.004440524642069518
0.815 0.0042475196052790595
0.817 0.004272173533336235
0.819 0.004071420119156378
0.821 0.00390729539809004
0.823 0.0038093840838058298
0.825 0.0037495102585241185
0.827 0.0037797993701372194
0.829 0.0036163790470153715
0.831 0.003549461242288753
0.833 0.0035614360073450953
0.835 0.0034670466827833387
0.837 0.003590316323069215
0.839 0.0034769082540062088
0.841 0.0034902918149515324
0.843 0.0033909717047783403
0.845 0.0034825434375621344
0.847 0.0035149457430087077
0.849 0.0035304424977875034
0.851 0.0034776126519506993
0.853 0.003503675375896856
0.855 0.003389562908889359
0.857 0.003424782806113895
0.859 0.0034585939074494496
0.861 0.0034233740102249137
0.863 0.0034754994581172273
0.865 0.0034339399793922743
0.867 0.003412103643113062
0.869 0.0035184677327311613
0.871 0.003323349502107231
0.873 0.0033501166239978783
0.875 0.0033797013376664887
0.877 0.003412103643113062
0.879 0.003325462695940703
0.881 0.0033268714918296845
0.883 0.0034318267855588023
0.885 0.0036093350675704644
0.887 0.0035121281512307447
0.889 0.0035691843847344934
0.891 0.003631171403849677
0.893 0.0036100394655149554
0.895 0.0036720264846301386
0.897 0.003776277380414766
0.899 0.0037945917269715246
0.901 0.00393688011175865
0.903 0.003977735192539113
0.905 0.004160878658106701
0.907 0.004279921910725633
0.909 0.0044722225495716
0.911 0.004506033650907155
0.913 0.004555341507021506
0.915 0.004802585185537749
0.917 0.0048349874909843224
0.919 0.00527100981862408
0.921 0.0052315635337326
0.923 0.005275940604235515
0.925 0.005653497902482542
0.927 0.005842276551606056
0.929 0.006208563482741232
0.931 0.006465668732480346
0.933 0.006660082565159786
0.935 0.006717138798663534
0.937 0.006864357969062095
0.939 0.007275726368644678
0.941 0.007766691735954711
0.943 0.008348524438104049
0.945 0.008336549673047706
0.947 0.008969803425144866
0.949 0.00953966136223786
0.951 0.010656132104255657
0.953 0.010320134284733582
0.955 0.010911124160161299
0.957 0.01161340891081855
0.959 0.012072676370626501
0.961 0.013167310776365085
0.963 0.013451887545939336
0.965 0.014957890351260501
0.967 0.015201612040054293
0.969 0.014722621437800601
0.971 0.016773123854213097
0.973 0.017242252885243916
0.975 0.019996448848202644
0.977 0.018418597452543425
0.979 0.019656224641013624
0.981 0.019219497915429377
0.983 0.018455226145656943
0.985 0.021127007549110254
0.987 0.021593318988363114
0.989 0.02296407738834206
0.991 0.022890115604170532
0.993 0.017454276666535623
0.995 0.010887174630048613
0.997 0.0027732147074599764
