intensity ch0
0.003 0
0.005 0
0.007 0
0.009 0
0.011 0.0019765406322409685
0.013 0.004396147571566602
0.015 0.0064741215078142345
0.017 0.004682133137029835
0.019 0.004863867806708442
0.021 0.004095369649269064
0.023 0.0035163545388976892
0.025 0.0038276984303625885
0.027 0.0035614360073450953
0.029 0.002330852798319802
0.031 0.0021934951991441115
0.033 0.001878629317956758
0.035 0.0032148722186556597
0.037 0.0052217019625097295
0.039 0.004994885824383717
0.041 0.004227092064888829
0.043 0.00754128439371768
0.045 0.008275971449821505
0.047 0.0059711813754478585
0.049 0.006123331331457855
0.051 0.0059528670288911
0.053 0.006793213776668533
0.055 0.0065685108323759915
0.057 0.007939973630299428
0.059 0.00872960372607353
0.061 0.01093225609849602
0.063 0.014895198934200828
0.065 0.016191291152063757
0.067 0.02160881574314191
0.069 0.024529249621000445
0.071 0.026332508358896698
0.073 0.03318911795056939
0.075 0.03503182297335713
0.077 0.03763246018441688
0.079 0.04360152836603126
0.081 0.04632966160504383
0.083 0.04860416256780437
0.085 0.05426188685795386
0.087 0.06372969962985367
0.089 0.07426537968560142
0.091 0.09577417092062564
0.093 0.11100114128668159
0.095 0.1174167977651031
0.097 0.1317759498635465
0.099 0.13955250317072407
0.101 0.15035021926182238
0.103 0.15927564561646432
0.105 0.16899281526071383
0.107 0.18773120938005605
0.109 0.20891245557089208
0.111 0.2203765321174786
0.113 0.23956714971718387
0.115 0.2750681017215718
0.117 0.31322040758902286
0.119 0.3562725055583513
0.121 0.3815357378375111
0.123 0.40967854891374894
0.125 0.4523552027786639
0.127 0.47012434532638686
0.129 0.5109110995062333
0.131 0.5523050447142306
0.133 0.5902432136065564
0.135 0.6439486260883626
0.137 0.6814726089893279
0.139 0.7139960708823535
0.141 0.7450325487145593
0.143 0.7861454391427048
0.145 0.8192387589728235
0.147 0.870528790902971
0.149 0.9162146327867503
0.151 0.9238002942509709
0.153 0.9417786429882076
0.155 0.9929130029726226
0.157 1.0190553238865068
0.159 1.0634239416140885
0.161 1.143297737733725
0.163 1.2039478095502654
0.165 1.299567012923103
0.167 1.4979881655087504
0.169 1.6889166371588498
0.171 1.727280262409648
0.173 1.7660263757443047
0.175 1.914252130805543
0.177 1.9802154763173767
0.179 1.9669981532869527
0.181 1.9472679668617676
0.183 1.8840081006608893
0.185 1.868506415096482
0.187 1.8455021870253039
0.189 1.7834799480128958
0.191 1.7241872510353893
0.193 1.6255384321032968
0.195 1.553520081860621
0.197 1.5051293518699973
0.199 1.433685085952081
0.201 1.3414216343867973
0.203 1.274023430262036
0.205 1.2219148879203903
0.207 1.166791522376324
0.209 1.11580790355203
0.211 1.0646700215778926
0.213 1.0448278358795335
0.215 1.0396413538142482
0.217 1.0301031012478994
0.219 1.0287196636849196
0.221 1.0141372174380727
0.223 1.0289950832812154
0.225 1.0620489568264426
0.227 1.1029378487082402
0.229 1.1537735439641912
0.231 1.1956387313970527
0.233 1.196101520846583
0.235 1.1853904457026572
0.237 1.2067921684501188
0.239 1.1964811913386637
0.241 1.1764276862569572
0.243 1.1629131072939582
0.245 1.1083574864931518
0.247 1.0453061220838427
0.249 0.9854224352309083
0.251 0.9190364509523802
0.253 0.863960280070595
0.255 0.8116397139476575
0.257 0.7677585395976635
0.259 0.7210323019498713
0.261 0.6478742358330094
0.263 0.5706278440463233
0.265 0.5041826903404578
0.267 0.45193608600169194
0.269 0.40976378106503236
0.271 0.3633996039607085
0.273 0.3299435191891771
0.275 0.299881223714202
0.277 0.2706797025273946
0.279 0.2452354399765007
0.281 0.22384005681053948
0.283 0.21267957577802848
0.285 0.2037104767508281
0.287 0.19735892048535525
0.289 0.1926091651456543
0.291 0.18878428430706967
0.293 0.1879467551510702
0.295 0.18556236810896912
0.297 0.18371614109645892
0.299 0.1829363725719077
0.301 0.18035757169712716
0.303 0.1776287340601701
0.305 0.17668413641660805
0.307 0.1797179783635296
0.309 0.1823136847889779
0.311 0.1886983477578418
0.313 0.19472306337707096
0.315 0.19721451890673466
0.317 0.20096684675703674
0.319 0.20694084572426255
0.321 0.21454693472887337
0.323 0.22414717431433745
0.325 0.23555419462742022
0.327 0.24784664315672783
0.329 0.2620740728395514
0.331 0.27554990991560346
0.333 0.290846615678164
0.335 0.311081855429549
0.337 0.3337254317531478
0.339 0.35443966210678646
0.341 0.380592548989838
0.343 0.41125006072790776
0.345 0.444220815315685
0.347 0.479035683722139
0.349 0.5198851293190451
0.351 0.5621539367740999
0.353 0.6065880635105191
0.355 0.6601603447808165
0.357 0.7090061158435813
0.359 0.776720594645419
0.361 0.8472026529711607
0.363 0.9088543786647667
0.365 0.984000960178926
0.367 1.0715710082400682
0.369 1.1583267722773791
0.371 1.2461334980478702
0.373 1.350181527224484
0.375 1.4603768372626682
0.377 1.5841508264768
0.379 1.7097069424904934
0.381 1.845116176951723
0.383 1.9875954535818061
0.385 2.1384711537102183
0.387 2.3058494888821595
0.389 2.477570437381886
0.391 2.6689800128280727
0.393 2.8612137338693135
0.395 3.0725951042356456
0.397 3.2827261682505067
0.399 3.5012684481205314
0.401 3.7291277996023346
0.403 3.9624955430100557
0.405 4.216048513915103
0.407 4.458784045586606
0.409 4.717571397617164
0.411 5.003406221920276
0.413 5.287968199137694
0.415 5.572359712052545
0.417 5.865607620323478
0.419 6.163199550718085
0.421 6.464987579668024
0.423 6.801036820240046
0.425 7.1139360223663815
0.427 7.428896997276241
0.429 7.742462559858064
0.431 8.042942521825083
0.433 8.351167339191777
0.435 8.653689350799876
0.437 8.936490333156067
0.439 9.196375841582086
0.441 9.43960092982501
0.443 9.660803016333432
0.445 9.880880883722446
0.447 10.011501620957027
0.449 10.104416640620965
0.451 10.131407056660017
0.453 10.082903622998273
0.455 10.002669175131059
0.457 9.827846058083795
0.459 9.579847264971058
0.461 9.25746757090982
0.463 8.884533236372487
0.465 8.487967055195432
0.467 8.045627686789482
0.469 7.571410085007659
0.471 7.094118490596079
0.473 6.604662648081089
0.475 6.090001333918387
0.477 5.59663396961764
0.479 5.10268265942091
0.481 4.625212147931429
0.483 4.159040883869524
0.485 3.737411519429546
0.487 3.3654929267281664
0.489 3.006599356418365
0.491 2.6915031371031635
0.493 2.417484588318883
0.495 2.1889623983713133
0.497 1.9892698074958606
0.499 1.8230459805549397
0.501 1.6767840869629416
0.503 1.5512314929389706
0.505 1.4415405318290417
0.507 1.3517037311825284
0.509 1.2665532900607117
0.511 1.1998277859729392
0.513 1.1448065581308242
0.515 1.0872086426077623
0.517 1.0283280184277828
0.519 0.9877265209073375
0.521 0.9460599736948222
0.523 0.9115099589154968
0.525 0.866773645460891
0.527 0.8262263865821715
0.529 0.7894251159722536
0.531 0.7522948915222587
0.533 0.7155534947376225
0.535 0.6803857229609787
0.537 0.648394785913988
0.539 0.6274910725132813
0.541 0.600788755233527
0.543 0.5774147182414914
0.545 0.543579667375824
0.547 0.5145246609614706
0.549 0.4753157581772835
0.551 0.4439524396988341
0.553 0.419963463301258
0.555 0.39403034857688757
0.557 0.36899675002763177
0.559 0.3487932081837488
0.561 0.3320609394103162
0.563 0.3127456433744361
0.565 0.2973813154092044
0.567 0.28195288723102413
0.569 0.26727534726167096
0.571 0.2536797625350555
0.573 0.243049693154746
0.575 0.23273942044123527
0.577 0.2201490115814081
0.579 0.20663725021018706
0.581 0.19538519744489224
0.583 0.18854126701622037
0.585 0.17892553067597752
0.587 0.16845465523112294
0.589 0.1587832714532653
0.591 0.15165053786735225
0.593 0.14332807615319434
0.595 0.13609179606944116
0.597 0.12730724930369736
0.599 0.12033230085735021
0.601 0.11294316641964253
0.603 0.10732347961849553
0.605 0.09920811090001791
0.607 0.09312281705756256
0.609 0.08677689597564564
0.611 0.08210885079750561
0.613 0.0765441070360289
0.615 0.07201553265089804
0.617 0.06816318029247828
0.619 0.06539841836035219
0.621 0.06265056197889388
0.623 0.05861365735901755
0.625 0.05555657027992781
0.627 0.05237903115233016
0.629 0.04984601614394152
0.631 0.046832601737410204
0.633 0.044969469174232245
0.635 0.04342190689018613
0.637 0.04126292719032206
0.639 0.03921312917185406
0.641 0.03765852290836303
0.643 0.035754535264404606
0.645 0.03453874441221362
0.647 0.03358005880976175
0.649 0.03125343239910889
0.651 0.02931492925587042
0.653 0.028584468587433538
0.655 0.028218886054242852
0.657 0.02682276932826224
0.659 0.025571758578846717
0.661 0.024586305854504196
0.663 0.023057762314959325
0.665 0.02202793252011389
0.667 0.02131860379001173
0.669 0.02081002847408943
0.671 0.019851342871637555
0.673 0.019501961491170155
0.675 0.018646822386558418
0.677 0.018225592415752966
0.679 0.017471182217203403
0.681 0.016686482907040737
0.683 0.015889104433877237
0.685 0.015531974676020441
0.687 0.014928305637591892
0.689 0.014485239330507226
0.691 0.014207706540377882
0.693 0.013801973324351225
0.695 0.013256769315315406
0.697 0.012709452112446114
0.699 0.012085355533627334
0.701 0.011964903485119421
0.703 0.011569031840315634
0.705 0.011347146487801055
0.707 0.010880130650603706
0.709 0.010534271259858763
0.711 0.009998224424101322
0.713 0.009936237404986139
0.715 0.009607987962853462
0.717 0.009368492661726615
0.719 0.009154355686601435
0.721 0.008828219438302231
0.723 0.008566887800896173
0.725 0.008706358593905335
0.727 0.008259770297098217
0.729 0.007998438659692159
0.731 0.007868125039961376
0.733 0.007558189944385458
0.735 0.007610315392277771
0.737 0.00730812867409125
0.739 0.007136255575635514
0.741 0.0071158280352452835
0.743 0.006789691786946079
0.745 0.006610774709045435
0.747 0.006436084018811736
0.749 0.006324789143582202
0.751 0.006338172704527525
0.753 0.006180387564961603
0.755 0.006296613225802572
0.757 0.005947936243279665
0.759 0.005895810795387351
0.761 0.005745069635266336
0.763 0.0056816738202621715
0.765 0.00548585119169375
0.767 0.005501347946472546
0.769 0.005228745941954637
0.771 0.0052188843707317665
0.773 0.005287915369291857
0.775 0.005163236933116999
0.777 0.0050970235263348715
0.779 0.005141400596837787
0.781 0.004995590222328207
0.783 0.005025879333941308
0.785 0.004981502263438393
0.787 0.00487161618409784
0.789 0.0048448490622071926
0.791 0.0048406226745402485
0.793 0.00497868467166043
0.795 0.0048518930416521
0.797 0.004776522461591592
0.799 0.00465677481102817
0.801 0.004749755339700945
0.803 0.0048779557655982565
0.805 0.004801176389648768
0.807 0.0047187618301433535
0.809 0.004825830317705943
0.811 0.004855415031374553
0.813 0.004744120156145019
0.815 0.004644800045971827
0.817 0.004397556367455584
0.819 0.0043362737462848905
0.821 0.004201029340942672
0.823 0.00410170923076948
0.825 0.003972804406927677
0.827 0.00401436388565263
0.829 0.003717107953077545
0.831 0.0037058375859656935
0.833 0.003626240618238242
0.835 0.003659347321629306
0.837 0.003505788569730328
0.839 0.0035691843847344934
0.841 0.0035149457430087077
0.843 0.0034902918149515324
0.845 0.003442392754726163
0.847 0.0034614114992274126
0.849 0.003493109406729495
0.851 0.0033888585109448682
0.853 0.003340959450719499
0.855 0.0032557272994361217
0.857 0.003300104369939037
0.859 0.0033508210219423693
0.861 0.00335152541988686
0.863 0.0034163300307800066
0.865 0.0034367575711702373
0.867 0.0032360041569903814
0.869 0.003183878709098068
0.871 0.0032550229014916307
0.873 0.0032000798618213545
0.875 0.003159929178985383
0.877 0.003277563635715334
0.879 0.0032000798618213545
0.881 0.0032190986063226038
0.883 0.003188809494709503
0.885 0.0032557272994361217
0.887 0.0032691108603814453
0.889 0.003241639340546307
0.891 0.003289538400771676
0.893 0.0032937647884386206
0.895 0.0032916515946051486
0.897 0.0033627957869987114
0.899 0.0034438015506151444
0.901 0.003452958723893524
0.903 0.0036220142305712975
0.905 0.0035980647004586128
0.907 0.0035734107724014375
0.909 0.0037607806256359697
0.911 0.0039094085919235124
0.913 0.004010841895930177
0.915 0.0040467661910992036
0.917 0.004132702740327072
0.919 0.00421934368749943
0.921 0.004381355214732297
0.923 0.004672271565806965
0.925 0.004942760376491403
0.927 0.005078004781833622
0.929 0.005049124466109502
0.931 0.005499234752639074
0.933 0.005677447432595227
0.935 0.005900037183054295
0.937 0.006131079708847253
0.939 0.006580485597432334
0.941 0.007100331280466487
0.943 0.0072834747460340755
0.945 0.008071696045919195
0.947 0.007266569195366298
0.949 0.008324574907991364
0.951 0.00865282435012404
0.953 0.009581925238907305
0.955 0.009677723359358043
0.957 0.010973815577220974
0.959 0.012562937339992045
0.961 0.011637358440931235
0.963 0.01331875633443059
0.965 0.013497673412331233
0.967 0.015060732451156147
0.969 0.015241058324945773
0.971 0.018753890874121007
0.973 0.015976449778994088
0.975 0.020425427196397495
0.977 0.020419792012841567
0.979 0.022891524400059517
0.981 0.02020988142538333
0.983 0.02543087898994857
0.985 0.021837040677156902
0.987 0.01949562190966974
0.989 0.02286616607405785
0.991 0.04468982319026943
0.993 0.04020985226330843
0.995 0.002118124619083604
0.997 0
