intensity ch0
0.003 0
0.005 0
0.007 0
0.009 0
0.011 0.00043038714408383174
0.013 0.0008537303087227563
0.015 0.001098156395461037
0.017 0.001459512540984778
0.019 0.002004012152076107
0.021 0.002359028716099431
0.023 0.002646423077451646
0.025 0.0028922579600789084
0.027 0.0031690863522637626
0.029 0.0032599536871030657
0.031 0.003210645830988715
0.033 0.003066244252368117
0.035 0.0030746970277020056
0.037 0.002982420896973721
0.039 0.0034233740102249137
0.041 0.004134111536216053
0.043 0.0042517459929460035
0.045 0.005825371000938279
0.047 0.006502297425593864
0.049 0.0063938201421422924
0.051 0.006300135215525026
0.053 0.005809874246159483
0.055 0.006417065274310486
0.057 0.006523429363928585
0.059 0.007611019790222262
0.061 0.01031661229501113
0.063 0.01269395535766732
0.065 0.013803382120240208
0.067 0.015312906915283827
0.069 0.01823968037464278
0.071 0.021028391836881554
0.073 0.024140421955641568
0.075 0.026009894100319945
0.077 0.027569431149422407
0.079 0.03029897318432396
0.081 0.03343777042497462
0.083 0.03689143354681263
0.085 0.0417158550686296
0.087 0.047726482728968934
0.089 0.05431682989762414
0.091 0.0638712836166963
0.093 0.07740699451803004
0.095 0.09214511271060943
0.097 0.10321895279594809
0.099 0.11173935033250787
0.101 0.1188220716643621
0.103 0.12701774174851166
0.105 0.13400325616402617
0.107 0.1451320392890351
0.109 0.16279481774713997
0.111 0.17821197555820842
0.113 0.19842397017742522
0.115 0.22633080794225868
0.117 0.2622832790290652
0.119 0.29050920906275296
0.121 0.31558225389690026
0.123 0.34321789845310474
0.125 0.3694630614668846
0.127 0.3883261340224017
0.129 0.42004658225870795
0.131 0.4634403132311144
0.133 0.4956270729066735
0.135 0.5360257038191054
0.137 0.5756924652672115
0.139 0.59543885284512
0.141 0.6216847202568443
0.143 0.6607647182171896
0.145 0.7026756915164432
0.147 0.7428334183318592
0.149 0.7724153144086917
0.151 0.7747926574713478
0.153 0.8002115616962401
0.155 0.8410877744150368
0.157 0.892351743621238
0.159 0.9162477394901414
0.161 0.9766421148528315
0.163 1.0341618422040548
0.165 1.115025317435701
0.167 1.267294316698316
0.169 1.4421935087235846
0.171 1.499940052212934
0.173 1.5782381101307448
0.175 1.6767340747088826
0.177 1.7323343176613688
0.179 1.7426389551913237
0.181 1.7624198582685122
0.183 1.7430954050593537
0.185 1.7595642290015467
0.187 1.7414597930322462
0.189 1.7100718206257395
0.191 1.6939488560742915
0.193 1.6934663434823152
0.195 1.671887112452842
0.197 1.6426320570222532
0.199 1.5708743340190388
0.201 1.5171787831084556
0.203 1.4641094419705245
0.205 1.422158317988435
0.207 1.3856458505357583
0.209 1.3374171320723676
0.211 1.2791979375622649
0.213 1.2301718406257105
0.215 1.2066125469742737
0.217 1.1911946847652608
0.219 1.1679601185662343
0.221 1.1436830434093614
0.223 1.1429568091285915
0.225 1.149600690541028
0.227 1.1930176666456027
0.229 1.2632743176291075
0.231 1.2596480770108693
0.233 1.2507642101349523
0.235 1.209473811424795
0.237 1.2109826318218941
0.239 1.2127570102440663
0.241 1.1969200312580814
0.243 1.1724372719014173
0.245 1.1306650649972285
0.247 1.0624208789411338
0.249 1.0053209727648267
0.251 0.9455492851850664
0.253 0.9007657770681797
0.255 0.8536274666228606
0.257 0.819995986763151
0.259 0.7853121363743724
0.261 0.725698233934178
0.263 0.6650051938430238
0.265 0.6126247538948046
0.267 0.569088734537611
0.269 0.5271552205041338
0.271 0.4854964216690079
0.273 0.44712997882643174
0.275 0.40745546900093627
0.277 0.3707697196539149
0.279 0.3388104805144263
0.281 0.3109994408700436
0.283 0.28578481204905365
0.285 0.2645605975836037
0.287 0.24776000220955546
0.289 0.2332162978496555
0.291 0.22278839067941483
0.293 0.21346920587380258
0.295 0.20606175708953814
0.297 0.19879096150650488
0.299 0.19504919962537018
0.301 0.191379990732518
0.303 0.18920340108404166
0.305 0.18723883521685702
0.307 0.18517354044361023
0.309 0.18472483895296965
0.311 0.18294623414313058
0.313 0.18341184118443893
0.315 0.18414089305698683
0.317 0.18430713097188664
0.319 0.18543628087690528
0.321 0.18697679918150648
0.323 0.1876354112596053
0.325 0.1888962835802437
0.327 0.19252745498409338
0.329 0.19973837674184491
0.331 0.20733742176701084
0.333 0.21483925987583702
0.335 0.22247211600233852
0.337 0.2292223615043931
0.339 0.23849435164772448
0.341 0.2512432500450621
0.343 0.26864610566164987
0.345 0.28506914373745107
0.347 0.30865590890872296
0.349 0.32995619835217793
0.351 0.35909221053014767
0.353 0.3978066259573023
0.355 0.44112075996198136
0.357 0.48809987647184566
0.359 0.5439445455110702
0.361 0.6111877820880436
0.363 0.6812901699217048
0.365 0.7599411312097054
0.367 0.8539134521883238
0.369 0.9504258321547757
0.371 1.0462690340739615
0.373 1.1395806297806474
0.375 1.242824236504653
0.377 1.3399522602745897
0.379 1.4520931174354572
0.381 1.5767609876411477
0.383 1.720848404778503
0.385 1.8658304073053618
0.387 2.0197624901149194
0.389 2.172000495867977
0.391 2.3312021797002696
0.393 2.530709513916322
0.395 2.7370537345816004
0.397 2.929700232818313
0.399 3.127519829559365
0.401 3.32447090363486
0.403 3.512479645805046
0.405 3.7310620763579063
0.407 4.009158384842844
0.409 4.293268138579898
0.411 4.592754195047241
0.413 4.935757252127276
0.415 5.27789742172531
0.417 5.615547054427216
0.419 5.984337415857111
0.421 6.361818639126135
0.423 6.752009314507603
0.425 7.135920282213937
0.427 7.579254964915452
0.429 8.076870553219424
0.431 8.57040556423096
0.433 9.111952339138982
0.435 9.686081040969425
0.437 10.216480718405883
0.439 10.793558030031964
0.441 11.3145053914513
0.443 11.78361047295201
0.445 12.159733616984054
0.447 12.504372286091197
0.449 12.757912577833244
0.451 12.8854297377244
0.453 12.830254951130385
0.455 12.56342126137991
0.457 12.137198517943906
0.459 11.592838377645586
0.461 10.97690999739112
0.463 10.311541334208739
0.465 9.567347019048125
0.467 8.869864149178467
0.469 8.187021486187104
0.471 7.438733210173109
0.473 6.6679422374244135
0.475 5.866742405412053
0.477 5.111525671216047
0.479 4.420327439807135
0.481 3.7420950613624644
0.483 3.1618014687218396
0.485 2.6498323635029815
0.487 2.239295153494898
0.489 1.8975318367971667
0.491 1.637592089729422
0.493 1.4303906167656981
0.495 1.2803820305069538
0.497 1.158831825603579
0.499 1.0724698200172385
0.501 0.998284741697309
0.503 0.9216708992647754
0.505 0.8627705519423502
0.507 0.8008384758668369
0.509 0.7552526584911752
0.511 0.7077889161955013
0.513 0.6677868613258177
0.515 0.6352415630965128
0.517 0.6091936315071903
0.519 0.5847545448230846
0.521 0.5702474691562982
0.523 0.5499706699261883
0.525 0.5248123929407577
0.527 0.5017666053908546
0.529 0.4835776416682152
0.531 0.46445957705679247
0.533 0.4495425417863125
0.535 0.43719585461527904
0.537 0.422890236760617
0.539 0.4100638545893854
0.541 0.40027272316096435
0.543 0.38182101900502985
0.545 0.3617273632404875
0.547 0.3390161647142176
0.549 0.3201347778121438
0.551 0.3057150474904742
0.553 0.2905592213168118
0.555 0.2782484584409474
0.557 0.2631377137357324
0.559 0.24727537642374584
0.561 0.23321136706404408
0.563 0.2228820756060321
0.565 0.21401722747461635
0.567 0.20561023800711958
0.569 0.19491959040358386
0.571 0.18724728799219093
0.573 0.17832327043343796
0.575 0.1719498778316859
0.577 0.16675001220545538
0.579 0.16001103707051262
0.581 0.15154840016540108
0.583 0.1447136269100076
0.585 0.1384254664595389
0.587 0.12922673370243457
0.589 0.11829236441010507
0.591 0.11000794018494968
0.593 0.10259837820685176
0.595 0.09746120399768092
0.597 0.0899762714395225
0.599 0.08273928695782481
0.601 0.0778951422935621
0.603 0.07232546774647396
0.605 0.06670085015971554
0.607 0.061491122962262154
0.609 0.05702453559624648
0.611 0.0538033237960904
0.613 0.050988549609905474
0.615 0.04802444305948851
0.617 0.045877438124680786
0.619 0.04258719532596462
0.621 0.03988230721912024
0.623 0.03737676373056674
0.625 0.035214966438924716
0.627 0.03383716405950086
0.629 0.03223113674606201
0.631 0.030851221172804685
0.633 0.02867181393255039
0.635 0.026703726075643308
0.637 0.025071636038258304
0.639 0.02382344288062074
0.641 0.022717538107770305
0.643 0.021391861176238765
0.645 0.019802035015523203
0.647 0.019024379684805446
0.649 0.018270673884200374
0.651 0.016616747510536156
0.653 0.015777105160703214
0.655 0.015112857899048461
0.657 0.01446833377983945
0.659 0.01414783271509617
0.661 0.014013997105642934
0.663 0.013847054792798632
0.665 0.013132090879140548
0.667 0.012836243742454444
0.669 0.01288062081295736
0.671 0.012573503309159404
0.673 0.012308649682030893
0.675 0.011905029659837708
0.677 0.011426743455528509
0.679 0.011222468051626197
0.681 0.010813212845877088
0.683 0.010318725488844601
0.685 0.009910174681039982
0.687 0.009474856751344714
0.689 0.009090959871597271
0.691 0.008669729900791819
0.693 0.008358386009326918
0.695 0.008347115642215066
0.697 0.007737107022286101
0.699 0.007481410568435968
0.701 0.007513812873882542
0.703 0.007163022697526162
0.705 0.006953112110067926
0.707 0.00672347838016395
0.709 0.006437492814700717
0.711 0.006331833123027109
0.713 0.006402272917476181
0.715 0.0063205627559152575
0.717 0.006255758145022111
0.719 0.005945823049446192
0.721 0.0058979239892208235
0.723 0.005862704091996287
0.725 0.00586481728582976
0.727 0.005677447432595227
0.729 0.005610529627868608
0.731 0.005381600295909124
0.733 0.00539780144863241
0.735 0.005341449613073152
0.737 0.005223110758398711
0.739 0.005209727197453387
0.741 0.005001929803828624
0.743 0.004930785611435061
0.745 0.004856119429319044
0.747 0.004773704869813629
0.749 0.004687063922641271
0.751 0.004789201624592425
0.753 0.004709604656864974
0.755 0.00459830978163544
0.757 0.004663818790473077
0.759 0.004762434502701778
0.761 0.0046088757508028
0.763 0.0046757935555294195
0.765 0.004520121609796969
0.767 0.004639164862415901
0.769 0.00468565512675229
0.771 0.004728623401366224
0.773 0.004835691888928813
0.775 0.004830761103317378
0.777 0.004805402777315712
0.779 0.004917402050489737
0.781 0.005031514517497234
0.783 0.005295663746681255
0.785 0.005096319128390381
0.787 0.0044553169989038225
0.789 0.00446236097834873
0.791 0.004388399194177204
0.793 0.004292601073726466
0.795 0.004300349451115864
0.797 0.004237658034056189
0.799 0.0040855080780461935
0.801 0.004060854149989018
0.803 0.003999571528818325
0.805 0.003945332887092539
0.807 0.004041835405487768
0.809 0.004039017813709806
0.811 0.004148199495105868
0.813 0.004005206712374251
0.815 0.0040812816903792485
0.817 0.003950263672703974
0.819 0.004110162006103368
0.821 0.004012250691819158
0.823 0.004196098555331236
0.825 0.00405240137465513
0.827 0.00409184765954661
0.829 0.004003093518540779
0.831 0.004046061793154713
0.833 0.004076350904767814
0.835 0.004089030067768647
0.837 0.004334160552451418
0.839 0.004332751756562437
0.841 0.0041742622190520245
0.843 0.0040869168739351746
0.845 0.0040812816903792485
0.847 0.004221456881332903
0.849 0.004178488606718969
0.851 0.004282035104559105
0.853 0.004315141807950169
0.855 0.004239771227889662
0.857 0.004130589546493599
0.859 0.004558863496743959
0.861 0.004389807990066185
0.863 0.004362336470231047
0.865 0.004421505897568268
0.867 0.004413053122234379
0.869 0.004459543386570767
0.871 0.004398965163344565
0.873 0.004534913966631275
0.875 0.004508146844740627
0.877 0.004563794282355394
0.879 0.004806107175260203
0.881 0.004875842571764784
0.883 0.005201978820063989
0.885 0.005104067505779779
0.887 0.005463310457470047
0.889 0.0052160667789538035
0.891 0.005332292439794773
0.893 0.005330179245961301
0.895 0.005621095597035969
0.897 0.00592398671316698
0.899 0.006010627660339339
0.901 0.006136714892403179
0.903 0.005988791324060127
0.905 0.00626491531830049
0.907 0.006255758145022111
0.909 0.0065227249659840945
0.911 0.006933388967622186
0.913 0.00615714243279341
0.915 0.0066530385857148785
0.917 0.006912257029287465
0.919 0.007085538923632183
0.921 0.0073208078370920835
0.923 0.0075701647094417995
0.925 0.007227122910474818
0.927 0.007479297374602497
0.929 0.008142135840368266
0.931 0.008401354283940853
0.933 0.008440800568832334
0.935 0.008406285069552289
0.937 0.008267518674487615
0.939 0.008211871236872849
0.941 0.008704245400071864
0.943 0.00877891158218788
0.945 0.009272694541275876
0.947 0.009696037705914802
0.949 0.009894677926261185
0.951 0.010604006656363343
0.953 0.009055035576428243
0.955 0.009795357816087993
0.957 0.010228562551949788
0.959 0.011324605753577353
0.961 0.009171965635213703
0.963 0.009054331178483753
0.965 0.00927621653099833
0.967 0.009796766611976974
0.969 0.010392687273016126
0.971 0.010832231590378338
0.973 0.010543428433137141
0.975 0.010534975657803253
0.977 0.010982268352554862
0.979 0.011158367838677543
0.981 0.011095676421617868
0.983 0.01053286246396978
0.985 0.009057148770261716
0.987 0.00755114596494055
0.989 0.006326197939471183
0.991 0.004442637835902989
0.993 0.0027302464328460424
0.995 0.00046138065364142354
0.997 0
