intensity ch0
0.003 0
0.005 0
0.007 0
0.009 0.00020920618951374473
0.011 0.0009009249710036347
0.013 0.0012770734733616807
0.015 0.0018729941344008323
0.017 0.0026076811905046565
0.019 0.0030782190174244595
0.021 0.003357160603442786
0.023 0.0036114482614039364
0.025 0.003481839039617644
0.027 0.0035184677327311613
0.029 0.0034339399793922743
0.031 0.003167677556374781
0.033 0.003102168547537144
0.035 0.0028091390026290033
0.037 0.003119778496149412
0.039 0.003872075500865504
0.041 0.00421934368749943
0.043 0.004973753886048995
0.045 0.006781943409556681
0.047 0.0063663486223071546
0.049 0.006463555538646874
0.051 0.006000766089116469
0.053 0.0060543003328977635
0.055 0.006483278681092614
0.057 0.006852383204005753
0.059 0.008001960649414613
0.061 0.010833640386267319
0.063 0.013059537890858003
0.065 0.01369842682651109
0.067 0.01533474325156304
0.069 0.01979780862785626
0.071 0.022062448019393933
0.073 0.025096994364259967
0.075 0.026872781582321082
0.077 0.02987351682585156
0.079 0.03321095428684861
0.081 0.036716742856578936
0.083 0.03949207075787238
0.085 0.043328221963568864
0.087 0.049376887112910696
0.089 0.05742815561843966
0.091 0.06934304684950024
0.093 0.08516734667248434
0.095 0.09834311022418331
0.097 0.11115117804885812
0.099 0.11905240979221056
0.101 0.12498837127043388
0.103 0.13228663837330226
0.105 0.1404224346321701
0.107 0.15575647348578867
0.109 0.17523166785506816
0.111 0.19144197775163319
0.113 0.2131487048090593
0.115 0.23717360550180439
0.117 0.2720342597746503
0.119 0.30180916088827314
0.121 0.326420825068779
0.123 0.35874564674145826
0.125 0.38983213682772283
0.127 0.405953692583282
0.129 0.4438298744564927
0.131 0.48619518442994275
0.133 0.5219222481745122
0.135 0.5646115812024279
0.137 0.6078876777181045
0.139 0.6349400807762707
0.141 0.6619889618447145
0.143 0.6987902324546323
0.145 0.73958191742009
0.147 0.7804905324443333
0.149 0.8140057866432019
0.151 0.8204101727545116
0.153 0.8446661159730496
0.155 0.8836517246088331
0.157 0.9295291627335139
0.159 0.954395114571981
0.161 1.0118260877821985
0.163 1.078644572398644
0.165 1.1815021690490684
0.167 1.360192430811586
0.169 1.5118105663734918
0.171 1.5729663959141762
0.173 1.6791783355762655
0.175 1.7808581788635014
0.177 1.8612884493592856
0.179 1.8826035311595748
0.181 1.8975818490512255
0.183 1.8966766976925549
0.185 1.8768887506359215
0.187 1.8622978516137407
0.189 1.8292925815266834
0.191 1.7987041007871738
0.193 1.7658221003404024
0.195 1.6995629076918826
0.197 1.637976691007114
0.199 1.5476496293912352
0.201 1.4836409881753632
0.203 1.4151784387564763
0.205 1.3563752983503907
0.207 1.2955082719669475
0.209 1.2337593393570017
0.211 1.1855256901079994
0.213 1.1415346296786648
0.215 1.118619860146437
0.217 1.1030188544718567
0.219 1.084582647070701
0.221 1.0687449636867714
0.223 1.0694557012127626
0.225 1.0881271775273782
0.227 1.1360868159759736
0.229 1.2115905272479897
0.231 1.2427552055060926
0.233 1.2276310772399324
0.235 1.1953604942089788
0.237 1.209206844603833
0.239 1.2069020545294593
0.241 1.1991480419565055
0.243 1.173685465059055
0.245 1.1259455987691407
0.247 1.0524747799649248
0.249 1.0026477825654845
0.251 0.9432874633853068
0.253 0.8865538441401349
0.255 0.8402819431665394
0.257 0.8088636816484196
0.259 0.7629038289642335
0.261 0.689248457898561
0.263 0.6242170308672884
0.265 0.5698755470416071
0.267 0.5212326425868558
0.269 0.4754446630011253
0.271 0.4279893734807853
0.273 0.38705258253876246
0.275 0.3483621166417205
0.277 0.3136388199680503
0.279 0.28420907384722793
0.281 0.26003765838202875
0.283 0.23959884762468595
0.285 0.2203391990264206
0.287 0.2078121859815976
0.289 0.19945379997227067
0.291 0.19533659398672237
0.293 0.19015504270704864
0.295 0.1856926817286999
0.297 0.18031178583073526
0.299 0.1770891652346902
0.301 0.17596283292144954
0.303 0.17603186392000963
0.305 0.17364113729640812
0.307 0.17241759806682774
0.309 0.1730649397778147
0.311 0.17193367667896262
0.313 0.1741130839192169
0.315 0.17504993318538956
0.317 0.176117096071293
0.319 0.17917629634421622
0.321 0.18072385862826235
0.323 0.18268701569955798
0.325 0.1850242080793782
0.327 0.19131307292779137
0.329 0.19955382448038833
0.331 0.2084553013049176
0.333 0.21667562531712434
0.335 0.22435004092235078
0.337 0.2326231947803943
0.339 0.24511850991771525
0.341 0.2602933548358789
0.343 0.2760317181096351
0.345 0.2960042174277251
0.347 0.32300379064005447
0.349 0.3492066897771649
0.351 0.3829797536237171
0.353 0.4229339094331754
0.355 0.46841265832127443
0.357 0.5184509751040619
0.359 0.5730770356993174
0.361 0.6352753741978483
0.363 0.7074050193157538
0.365 0.7827601026214824
0.367 0.8701984282670049
0.369 0.9590723169233993
0.371 1.047475667752874
0.373 1.1365862341186175
0.375 1.2304571217932292
0.377 1.3324518309616524
0.379 1.4467495546285505
0.381 1.563809222635797
0.383 1.7212527291986408
0.385 1.8722488813755611
0.387 2.02648385530125
0.389 2.179221983594896
0.391 2.3414321510481084
0.393 2.5369575236839546
0.395 2.728853838109784
0.397 2.9048385073675127
0.399 3.112172407144801
0.401 3.318651872215422
0.403 3.533711608647885
0.405 3.766246753685218
0.407 4.02102396821779
0.409 4.320828412556042
0.411 4.613246540048365
0.413 4.946108379921568
0.415 5.298428508613381
0.417 5.610319012883206
0.419 5.96373729797048
0.421 6.3262035746547385
0.423 6.695983615196645
0.425 7.112144033995597
0.427 7.563871618205719
0.429 8.015395631409884
0.431 8.490562057222936
0.433 9.037200924871684
0.435 9.56183440073454
0.437 10.038341295835957
0.439 10.533423164733595
0.441 11.020119176102071
0.443 11.472939281524098
0.445 11.855842960169811
0.447 12.207298792583735
0.449 12.410273877880515
0.451 12.50586772292735
0.453 12.465554324166202
0.455 12.240286452722179
0.457 11.859276195751258
0.459 11.341988886051496
0.461 10.767209320520344
0.463 10.15743808269867
0.465 9.468710879279033
0.467 8.77432031638569
0.469 8.102956522297749
0.471 7.389812772928228
0.473 6.683577758598274
0.475 5.930229087751057
0.477 5.213216080472449
0.479 4.540564646941979
0.481 3.908685879632465
0.483 3.324230703935789
0.485 2.8218843790366184
0.487 2.3965597429798415
0.489 2.0637958144209234
0.491 1.802522642044258
0.493 1.5983754385678457
0.495 1.4236622075999226
0.497 1.2861609112435555
0.499 1.1949188366977832
0.501 1.1094056306345539
0.503 1.0350324780634454
0.505 0.9780086468651434
0.507 0.9229374067689697
0.509 0.8642504920237252
0.511 0.8167642089938276
0.513 0.7696202633649525
0.515 0.7327957476228665
0.517 0.6974244048402648
0.519 0.6705699376045005
0.521 0.6440099087095333
0.523 0.6117893379326387
0.525 0.5849052859832057
0.527 0.5572097676017195
0.529 0.5308223162031525
0.531 0.5097812452032701
0.533 0.48891204730184346
0.535 0.4720064966340661
0.537 0.45630898844109036
0.539 0.4501004249583491
0.541 0.4403367650497632
0.543 0.4180982175442466
0.545 0.39012305317879753
0.547 0.36197249372517026
0.549 0.3373967538398334
0.551 0.32100752686536776
0.553 0.30447812469994845
0.555 0.2930288405101963
0.557 0.278849309887598
0.559 0.26468316282594506
0.561 0.252275193033741
0.563 0.24226922023225028
0.565 0.22874055331036144
0.567 0.21604589355474965
0.569 0.20419932892430467
0.571 0.19569724573430164
0.573 0.19000641474076108
0.575 0.18358441868083916
0.577 0.17645661588053754
0.579 0.1669993690778051
0.581 0.1580330876423827
0.583 0.15219503747844357
0.585 0.14652533842323773
0.587 0.13855296248749174
0.589 0.1295049708905084
0.591 0.12008576157677846
0.593 0.11138433376848456
0.595 0.10466226418420958
0.597 0.09895804962972371
0.599 0.09385327772599944
0.601 0.08764189665148024
0.603 0.08048803112723246
0.605 0.07379272866484814
0.607 0.06798637640841111
0.609 0.06262943004055917
0.611 0.05899544104493152
0.613 0.05596300789389896
0.615 0.05333419476505958
0.617 0.05112731600497015
0.619 0.04920501401445496
0.621 0.0464001013994929
0.623 0.04277526957714364
0.625 0.041088940898032854
0.627 0.038982791044005594
0.629 0.036752667151747964
0.631 0.03476203856061718
0.633 0.03342931764964073
0.635 0.032345249213069506
0.637 0.030538468485450804
0.639 0.029144464953303664
0.641 0.02712284285261529
0.643 0.025178000127876403
0.645 0.023898813460681248
0.647 0.023096504201906315
0.649 0.021998347806445277
0.651 0.02088892104387239
0.653 0.020279616821887916
0.655 0.019003952144415213
0.657 0.01806498968440908
0.659 0.01721900775307572
0.661 0.016585754000978562
0.663 0.01651390541064051
0.665 0.01605463795083256
0.667 0.015204429631832255
0.669 0.014502849279119495
0.671 0.014098524858981821
0.673 0.013827331650352891
0.675 0.013393422516546606
0.677 0.012903161547181064
0.679 0.012720018081613476
0.681 0.01204309165695789
0.683 0.011895168088614839
0.685 0.011567623044426652
0.687 0.01121401527629231
0.689 0.010620912207031121
0.691 0.01050186895441219
0.693 0.010089091758940625
0.695 0.009766477500363874
0.697 0.00925649338855259
0.699 0.009308618836444904
0.701 0.008851464570470424
0.703 0.008521101934504276
0.705 0.008278789041599467
0.707 0.007818817183847025
0.709 0.0077490817873424435
0.711 0.007518039261549486
0.713 0.007299675898757362
0.715 0.007127802800301626
0.717 0.0069869232114034814
0.719 0.006879150325896401
0.721 0.006648107800103443
0.723 0.006543856904318817
0.725 0.006326197939471183
0.727 0.0062275822272424815
0.729 0.005970476977503368
0.731 0.005837345765994621
0.733 0.0057662015736010585
0.735 0.005782402726324345
0.737 0.005639409943592728
0.739 0.005647158320982126
0.741 0.005497825956750093
0.743 0.005484442395804769
0.745 0.005302707726126162
0.747 0.005369625530852781
0.749 0.005096319128390381
0.751 0.005049124466109502
0.753 0.0050096781812180215
0.755 0.004979389069604921
0.757 0.004777226859536083
0.759 0.00483287429715085
0.761 0.004892748122432562
0.763 0.004818081940316545
0.765 0.004727214605477242
0.767 0.004789906022536916
0.769 0.004825125919761452
0.771 0.004787088430758953
0.773 0.004690585912363724
0.775 0.004698334289753122
0.777 0.004690585912363724
0.779 0.004658183606917151
0.781 0.004595492189857477
0.783 0.004696925493864141
0.785 0.004796950001981823
0.787 0.004773000471869139
0.789 0.004877251367653766
0.791 0.004992772630550244
0.793 0.005070960802388715
0.795 0.005039967292831122
0.797 0.004980093467549411
0.799 0.004745528952034001
0.801 0.00459830978163544
0.803 0.00436515406200901
0.805 0.004049583782877167
0.807 0.003922087754924346
0.809 0.003991118753484436
0.811 0.003844603981030366
0.813 0.003943924091203558
0.815 0.003788252145471108
0.817 0.0037635982174139327
0.819 0.0037896609413600895
0.821 0.003743170677023702
0.823 0.0037438750749681925
0.825 0.0038333336139185145
0.827 0.003826994032418098
0.829 0.0037368310955232854
0.831 0.0038284028283070795
0.833 0.0037748685845257843
0.835 0.0038424907871968937
0.837 0.003738239891412267
0.839 0.0038234720426956444
0.841 0.0037593718297469886
0.843 0.003714290361299582
0.845 0.0036241274244047696
0.847 0.0038122016755837928
0.849 0.0039150437754794385
0.851 0.0038122016755837928
0.853 0.0039094085919235124
0.855 0.003814314869417265
0.857 0.0038002269105274506
0.859 0.0037819125639706914
0.861 0.0037917741351935616
0.863 0.0038593963378646713
0.865 0.00394603728503703
0.867 0.004005911110318741
0.869 0.003945332887092539
0.871 0.0039953451411513805
0.873 0.004108048812269897
0.875 0.004150312688939339
0.877 0.0042503371970570225
0.879 0.00431655060383915
0.881 0.004249632799112532
0.883 0.004272877931280726
0.885 0.004329934164784474
0.887 0.0044609521824597485
0.889 0.004734258584922149
0.891 0.004744120156145019
0.893 0.00489063492859909
0.895 0.005034332109275197
0.897 0.0050942059345569085
0.899 0.005034332109275197
0.901 0.005288619767236348
0.903 0.005161123739283527
0.905 0.005236494319344034
0.907 0.005298481338459218
0.909 0.005571787740921618
0.911 0.0058866536221089715
0.913 0.00609938180134517
0.915 0.006369870612029608
0.917 0.006413543284588033
0.919 0.006521316170095113
0.921 0.006705868431551683
0.923 0.007095400494855053
0.925 0.007574391097108744
0.927 0.007663849636059066
0.929 0.007229940502252781
0.931 0.007684277176449297
0.933 0.008263996684765162
0.935 0.007985759496691325
0.937 0.008211871236872849
0.939 0.008930357140253385
0.941 0.009254380194719119
0.943 0.009446680833565086
0.945 0.009292417683721617
0.947 0.010671628859034454
0.949 0.011113990768174627
0.951 0.010339153029234832
0.953 0.010335631039512377
0.955 0.011023123433335323
0.957 0.011359825650801889
0.959 0.011911369241338125
0.961 0.012437554505872696
0.963 0.013746325886736459
0.965 0.012477000790764177
0.967 0.012607314410494959
0.969 0.014577515461235513
0.971 0.012231870306081404
0.973 0.012114235849351453
0.975 0.012786231488395604
0.977 0.013790702957239375
0.979 0.014369718067610749
0.981 0.01420418455065543
0.983 0.014914922076646568
0.985 0.015265712253002947
0.987 0.014466924983950469
0.989 0.011988148617287614
0.991 0.009311436428222866
0.993 0.006388889356530857
0.995 0.002954244979194092
0.997 4.9307856114350606e-06
