intensity ch0
0.003 0
0.005 0
0.007 0
0.009 0.0007607497800499808
0.011 0.00139329913420265
0.013 0.0021836336279212414
0.015 0.0031768347296531607
0.017 0.003774164186581294
0.019 0.0039150437754794385
0.021 0.0037903653393045805
0.023 0.003699498004465277
0.025 0.0036051086799035203
0.027 0.003378292541777507
0.029 0.003326167093885194
0.031 0.0029126855004691396
0.033 0.002685869362343127
0.035 0.0029739681216398323
0.037 0.003610743863459446
0.039 0.004303871440838317
0.041 0.004513077630352062
0.043 0.006472008313980763
0.045 0.006638246228880573
0.047 0.006504410619427336
0.049 0.0060141496500617925
0.051 0.005999357293227488
0.053 0.006265619716244981
0.055 0.006634019841213629
0.057 0.007377159672651341
0.059 0.008716924563072697
0.061 0.011357712456968417
0.063 0.013134908470918511
0.065 0.013766049029182199
0.067 0.0169245694122786
0.069 0.021369320442015064
0.071 0.023317685156476402
0.073 0.0263247599815073
0.075 0.02931704244970389
0.077 0.03332154476413365
0.079 0.03654557415606769
0.081 0.03858973699097977
0.083 0.0420645320511525
0.085 0.04606692117174879
0.087 0.052020492598584385
0.089 0.06273508973223277
0.091 0.07739572415091818
0.093 0.09374761803432582
0.095 0.10655005067544472
0.097 0.1170906615168039
0.099 0.12268287679811575
0.101 0.12994169761609264
0.103 0.13980679082868522
0.105 0.1511912704075443
0.107 0.16801933730142765
0.109 0.18899208170069445
0.111 0.203568188366041
0.113 0.22274823999657886
0.115 0.24704715148973086
0.117 0.2836800709909154
0.119 0.3131647601514081
0.121 0.34230077232937783
0.123 0.37437412393587394
0.125 0.4063122311370278
0.127 0.4299926812349169
0.129 0.469772850752086
0.131 0.510922369873345
0.133 0.5511336309325425
0.135 0.5972259104302929
0.137 0.6394186429073427
0.139 0.6596679706176176
0.141 0.6898450829575447
0.143 0.7323195746123907
0.145 0.7744862443654944
0.147 0.8255163534541248
0.149 0.8567881001997905
0.151 0.8588794576969834
0.153 0.8822795574129653
0.155 0.9314979549883655
0.157 0.9603578431720949
0.159 0.9966730792003141
0.161 1.0803146999250315
0.163 1.155454237459746
0.165 1.263425763187173
0.167 1.4483753050844352
0.169 1.5717449698784294
0.171 1.6458286148943522
0.173 1.7711403048213072
0.175 1.8645864405353911
0.177 1.9541675447280542
0.179 1.9646039046736288
0.181 1.968650670864728
0.183 1.9533264935823325
0.185 1.9295453145783812
0.187 1.9027394508007867
0.189 1.8602727075233298
0.191 1.79678672958227
0.193 1.7354702973102416
0.195 1.635520455374675
0.197 1.5774456624431927
0.199 1.492887619992693
0.201 1.4155102101883315
0.203 1.331233926915628
0.205 1.2660214696126213
0.207 1.2185894252244496
0.209 1.160721020890703
0.211 1.1015473671658154
0.213 1.0721908784312202
0.215 1.06189328488071
0.217 1.0534088116393194
0.219 1.039241960179722
0.221 1.0226724073314668
0.223 1.034417538657905
0.225 1.06138189197301
0.227 1.111344838175737
0.229 1.1778695888493298
0.231 1.2217944358718822
0.233 1.2156210922863655
0.235 1.208374246233445
0.237 1.2152526921613969
0.239 1.2065167488538229
0.241 1.1976519007224071
0.243 1.1766580243848057
0.245 1.1300881630806905
0.247 1.0598899771265786
0.249 1.0028527623673313
0.251 0.9377917506223902
0.253 0.8807073412008619
0.255 0.8312395867531119
0.257 0.7871055335410457
0.259 0.7384619246883498
0.261 0.6738256649039366
0.263 0.6007091582657995
0.265 0.5360552885327741
0.267 0.48180819403165454
0.269 0.4337245815448288
0.271 0.3915135347212222
0.273 0.34956452393296616
0.275 0.31368953662005367
0.277 0.2824445569962787
0.279 0.2560782375360464
0.281 0.2325421890167779
0.283 0.21445536299608958
0.285 0.2017571812507553
0.287 0.19479209437563105
0.289 0.1895499648727311
0.291 0.18675139183926945
0.293 0.18223267902536147
0.295 0.17823381189448764
0.297 0.1752232150797343
0.299 0.1743723023627895
0.301 0.17416380057122025
0.303 0.17089680290467227
0.305 0.17019310935812604
0.307 0.16873500561303023
0.309 0.17008744966645242
0.311 0.1706967538884369
0.313 0.17417295774449862
0.315 0.17579166422093828
0.317 0.17828664174032444
0.319 0.18359498465000654
0.321 0.18502350368143372
0.323 0.1883637587342087
0.325 0.19496044548436434
0.327 0.20404013498884976
0.329 0.2130500890968306
0.331 0.22126266473164793
0.333 0.229951413376941
0.335 0.2418719397915575
0.337 0.25386079280678964
0.339 0.2718419591358043
0.341 0.29245334738954737
0.343 0.31126006810950513
0.345 0.3375834192951235
0.347 0.3667384502175945
0.349 0.40096232874862076
0.351 0.43904137722984476
0.353 0.4789046657044638
0.355 0.5241854787701609
0.357 0.5713900026222622
0.359 0.6263929161178203
0.361 0.6905135566068663
0.363 0.7626157302049368
0.365 0.833862060300451
0.367 0.9123735507954424
0.369 0.995923599787376
0.371 1.0807753761807286
0.373 1.1782492593414102
0.375 1.2802326981427217
0.377 1.3845505117320753
0.379 1.5028795048352939
0.381 1.6277925055256672
0.383 1.7712868195937614
0.385 1.9312238948801024
0.387 2.0885244086602146
0.389 2.2539543791176944
0.391 2.419568901836631
0.393 2.5901557696457274
0.395 2.788371238031583
0.397 2.9923388200321503
0.399 3.208480511707351
0.401 3.4216566880362453
0.403 3.6479121253984435
0.405 3.8999520495187245
0.407 4.161616867152527
0.409 4.45004458028931
0.411 4.745998785462976
0.413 5.056626304218328
0.415 5.369656524362338
0.417 5.692065803137243
0.419 6.038819779271691
0.421 6.402652587968261
0.423 6.761801854731913
0.425 7.143810243590178
0.427 7.572789296182973
0.429 7.995053323170937
0.431 8.410172641807932
0.433 8.868022148553624
0.435 9.305046130070448
0.437 9.7081970232326
0.439 10.132360107078911
0.441 10.508496634671902
0.443 10.899660788012657
0.445 11.230296025983323
0.447 11.521145459253265
0.449 11.686660661862028
0.451 11.738781883366675
0.453 11.672443093750427
0.455 11.54847821269334
0.457 11.234206138973192
0.459 10.805099590352444
0.461 10.318439503279137
0.463 9.78622036595206
0.465 9.208957093268634
0.467 8.574179024019596
0.469 7.952145626780229
0.471 7.327533428666081
0.473 6.6705442834313615
0.475 5.996922893931328
0.477 5.361056529858051
0.479 4.742686706327981
0.481 4.1603792399640565
0.483 3.6132649037027784
0.485 3.118568340480777
0.487 2.6952667353205775
0.489 2.3504463315437563
0.491 2.06188478279752
0.493 1.8311937515788639
0.495 1.6447544080290037
0.497 1.493992820367599
0.499 1.3659677895584654
0.501 1.2663666246054217
0.503 1.1852622452767598
0.505 1.1112462224635082
0.507 1.0585403506649345
0.509 1.0036628200034956
0.511 0.9542866372885294
0.513 0.9015420236030085
0.515 0.8563020656180919
0.517 0.820870144612264
0.519 0.7904394490123203
0.521 0.7607835911513163
0.523 0.7239978172961773
0.525 0.682644022771016
0.527 0.6513750936171283
0.529 0.6191038061882304
0.531 0.5926938140554396
0.533 0.5628498819432567
0.535 0.533936459515746
0.537 0.511762012223178
0.539 0.4974578031644049
0.541 0.4922558243443409
0.543 0.4751706522007184
0.545 0.4422851297642245
0.547 0.4093629786346171
0.549 0.37291461139488913
0.551 0.3517664719074442
0.553 0.3318320100783567
0.555 0.3140755466936346
0.557 0.30159713710698144
0.559 0.28604473489057075
0.561 0.27253860870290564
0.563 0.260892093088696
0.565 0.24665973262026095
0.567 0.23497165752732638
0.569 0.22362028465185838
0.571 0.21558380850316372
0.573 0.20641606925561698
0.575 0.19645658671846264
0.577 0.18812426343308186
0.579 0.17767029353889505
0.581 0.1689139226909309
0.583 0.16098381063185432
0.585 0.15420750240585357
0.587 0.1459266001704206
0.589 0.13937147289898996
0.591 0.13114058291761585
0.593 0.12182210250994809
0.595 0.11571426793326903
0.597 0.10883230001559466
0.599 0.10092120670101935
0.601 0.09566076285156264
0.603 0.09013123898731046
0.605 0.08316403891835272
0.607 0.07693293470138778
0.609 0.07077015708503845
0.611 0.06689596839033947
0.613 0.06291752879985586
0.615 0.060507079033808614
0.617 0.05650962069882376
0.619 0.053908279089819516
0.621 0.052056416893753406
0.623 0.04892466363254765
0.625 0.046138065364142354
0.627 0.04358250962153001
0.629 0.04136083850460627
0.631 0.039525177461263446
0.633 0.03764936573508465
0.635 0.03626522377416038
0.637 0.03510508035958416
0.639 0.0335532916878711
0.641 0.0314119219366193
0.643 0.029908032325131607
0.645 0.028482330885482382
0.647 0.0272130057895101
0.649 0.0257703987991931
0.651 0.024501073703220817
0.653 0.023580425589771442
0.655 0.02297323456162044
0.657 0.02138552159473835
0.659 0.02066703569135781
0.661 0.01964354547801279
0.663 0.019111020631977806
0.665 0.01816360539663778
0.667 0.017652212488937516
0.669 0.01687667035205323
0.671 0.016247642987623014
0.673 0.01612437334733714
0.675 0.015844727363374323
0.677 0.015153712979828923
0.679 0.01441057314839121
0.681 0.013873117516744788
0.683 0.013513874565054521
0.685 0.012882029608846341
0.687 0.01212902820618576
0.689 0.012183971245856035
0.691 0.01174090493877137
0.693 0.011326718947410825
0.695 0.011130896318842405
0.697 0.010760383000040284
0.699 0.010408184027794922
0.701 0.009864388814648085
0.703 0.009791131428421048
0.705 0.009425548895230364
0.707 0.009264946163886479
0.709 0.008803565510245056
0.711 0.00874087409318538
0.713 0.008320348520324419
0.715 0.008259770297098217
0.717 0.008088601596586972
0.719 0.0077061135127285095
0.721 0.007601158218999392
0.723 0.007447599467100414
0.725 0.007160205105748199
0.727 0.007059476199686026
0.729 0.006944659334734038
0.731 0.006529768945429002
0.733 0.006674874921994091
0.735 0.006429744437311319
0.737 0.006292386838135628
0.739 0.006221242645742065
0.741 0.006092337821900263
0.743 0.005856364510495871
0.745 0.005661246279871941
0.747 0.005698579370929949
0.749 0.005665472667538885
0.751 0.005688013401762588
0.753 0.0054309081520234745
0.755 0.005275236206291024
0.757 0.005199161228286026
0.759 0.0051745073002288505
0.761 0.005053350853776447
0.763 0.005094910332501399
0.765 0.004907540479266867
0.767 0.004885704142987654
0.769 0.004820899532094508
0.771 0.00487232058204233
0.773 0.004932898805268533
0.775 0.004839918276595758
0.777 0.004839918276595758
0.779 0.004849779847818628
0.781 0.004824421521816962
0.783 0.004775818063647102
0.785 0.004780748849258536
0.787 0.004689177116474743
0.789 0.004725805809588261
0.791 0.004771591675980158
0.793 0.0048363962868733035
0.795 0.004813855552649601
0.797 0.004751164135589926
0.799 0.004833578695095341
0.801 0.005124495046170009
0.803 0.004974458283993485
0.805 0.004724397013699279
0.807 0.0047074914630315014
0.809 0.004522939201574932
0.811 0.004275695523058689
0.813 0.00409184765954661
0.815 0.004135520332105035
0.817 0.003915748173423929
0.819 0.003691749627075879
0.821 0.0037079507797991656
0.823 0.00367343528051912
0.825 0.0035712975785679654
0.827 0.0037206299427999987
0.829 0.0035283293039540314
0.831 0.0037009068003542585
0.833 0.0035452348546218086
0.835 0.003658642923684815
0.837 0.0035410084669548645
0.839 0.0036649825051852315
0.841 0.0036375109853500932
0.843 0.0035212853245091243
0.845 0.003635397791516621
0.847 0.0035973603025141222
0.849 0.0035360776813434295
0.851 0.003541712864899355
0.853 0.003464933488949866
0.855 0.003658642923684815
0.857 0.0036508945462954173
0.859 0.003564957997067549
0.861 0.003544530456677318
0.863 0.0036318758017941676
0.865 0.003519172130675652
0.867 0.003412103643113062
0.869 0.0034712730704502827
0.871 0.0036389197812390747
0.873 0.0035332600895654665
0.875 0.0036403285771280562
0.877 0.0035966559045696313
0.879 0.00369245402502037
0.881 0.0036241274244047696
0.883 0.0037368310955232854
0.885 0.003798113716693978
0.887 0.0037495102585241185
0.889 0.0038741886946989765
0.891 0.003998867130873834
0.893 0.004036200221931843
0.895 0.0042904878798929935
0.897 0.004184123790274895
0.899 0.004272877931280726
0.901 0.004473631345460582
0.903 0.00456027229263294
0.905 0.004742711360256038
0.907 0.004826534715650433
0.909 0.004820899532094508
0.911 0.005077300383889131
0.913 0.0051815512796737585
0.915 0.005506278732083982
0.917 0.005702101360652402
0.919 0.005708440942152819
0.921 0.006086702638344337
0.923 0.005989495722004618
0.925 0.005751409216766753
0.927 0.006307179194969934
0.929 0.006499479833815901
0.931 0.006905917447787048
0.933 0.007565233923830365
0.935 0.007732880634619157
0.937 0.007577208688886707
0.939 0.007968149548079059
0.941 0.008646484768623624
0.943 0.009523460209514575
0.945 0.009034608036038012
0.947 0.009379763028838467
0.949 0.01030886391762173
0.951 0.009944690180320027
0.953 0.01106750050383824
0.955 0.011813457927053916
0.957 0.011681735511434149
0.959 0.013232819785202722
0.961 0.013442730372660958
0.963 0.012512220687988712
0.965 0.013749847876458911
0.967 0.014450723831227181
0.969 0.015402365454234148
0.971 0.01733382461802771
0.973 0.015956726636548346
0.975 0.016481503105193935
0.977 0.01727254199685702
0.979 0.015477736034294656
0.981 0.01669916207004157
0.983 0.0184432513806006
0.985 0.018351679647816806
0.987 0.019518162643893444
0.989 0.019766110720354176
0.991 0.01680623055760416
0.993 0.012184675643800526
0.995 0.006884785509452326
0.997 0.0011333762926855732
