intensity ch0
0.003 0
0.005 0
0.007 0
0.009 2.817591777962892e-06
0.011 0.0006008514466505866
0.013 0.0009361448682281709
0.015 0.0012566459329714497
0.017 0.0017349321372806506
0.019 0.0023245132168193856
0.021 0.002666850617841877
0.023 0.002889440368300946
0.025 0.0032712240542149174
0.027 0.0033444814404419527
0.029 0.0033508210219423693
0.031 0.0031380928427061708
0.033 0.003224029391934039
0.035 0.0030113012126978408
0.037 0.0029634021524724717
0.039 0.003570593180623475
0.041 0.004184828188219385
0.043 0.0042115953101100325
0.045 0.006245896573799241
0.047 0.006545970098152288
0.049 0.006383254172974932
0.051 0.006194475523851418
0.053 0.0059310306926118874
0.055 0.0063564870510842844
0.057 0.0065987999439890924
0.059 0.007767396133899202
0.061 0.010517365709190984
0.063 0.012770030335672316
0.065 0.013857620761965993
0.067 0.015186819683219987
0.069 0.01854116269488481
0.071 0.021509495632968716
0.073 0.02425101243292661
0.075 0.02610287462899272
0.077 0.028103364791346373
0.079 0.030988578771980375
0.081 0.03427529958097409
0.083 0.03790787978071275
0.085 0.04265974831424717
0.087 0.04790187781714712
0.089 0.055005731087336064
0.091 0.06532516097412516
0.093 0.07958781055417331
0.095 0.09419420633113294
0.097 0.10456435286992537
0.099 0.1141371209355543
0.101 0.12094442267111265
0.103 0.12877098823234906
0.105 0.13612701596666568
0.107 0.14786651210954807
0.109 0.16650065533310565
0.111 0.18158956370204143
0.113 0.2039147521547304
0.115 0.23069314441248973
0.117 0.26360402517498527
0.119 0.292818929922738
0.121 0.3195254735901593
0.123 0.34740343103926863
0.125 0.3749975161167482
0.127 0.3950369332395648
0.129 0.42653197413363403
0.131 0.47037933738229254
0.133 0.501623612608123
0.135 0.5463204797778374
0.137 0.5828808462907393
0.139 0.6048658105362393
0.141 0.6386170380465123
0.143 0.6736566093972588
0.145 0.7131789692667443
0.147 0.7562705135209643
0.149 0.7817246376430811
0.151 0.7902781418830319
0.153 0.8125857203871086
0.155 0.8549136972695006
0.157 0.905343659309425
0.159 0.928724035882961
0.161 0.9874130638220391
0.163 1.0437613773915746
0.165 1.1281876974264546
0.167 1.2909508172660924
0.169 1.465921857881699
0.171 1.5150486837243156
0.173 1.608399725715893
0.175 1.703358908214743
0.177 1.7686791384032567
0.179 1.7852606660165684
0.181 1.8032629642839177
0.183 1.7898385482578136
0.185 1.7986801512570612
0.187 1.7854198599520232
0.189 1.7494997911706633
0.191 1.7328717732930152
0.193 1.7305409204946955
0.195 1.6880382529220697
0.197 1.651311648494268
0.199 1.5776696609895409
0.201 1.5133778517999836
0.203 1.457013337077725
0.205 1.4061459439142718
0.207 1.372597583012012
0.209 1.3057981171400679
0.211 1.2483058613086797
0.213 1.2029327721122542
0.215 1.1889018694559434
0.217 1.167036652861007
0.219 1.1439183123228214
0.221 1.1199349711088014
0.223 1.114866123500246
0.225 1.128043295847834
0.227 1.1760085694799853
0.229 1.2484206781736316
0.231 1.2526696065747995
0.233 1.238704917325271
0.235 1.2041288398219994
0.237 1.210233152408956
0.239 1.2105494270860324
0.241 1.1978329309941413
0.243 1.1695231776050592
0.245 1.1291139807234598
0.247 1.0556811994082465
0.249 1.0015200414563548
0.251 0.9438643653018447
0.253 0.8966971745408013
0.255 0.8480859679935521
0.257 0.8152659545658958
0.259 0.7800432397495817
0.261 0.7157704493045257
0.263 0.6508186192409806
0.265 0.5975957193511505
0.267 0.5547584627548917
0.269 0.5111294628690254
0.271 0.4684915508910574
0.273 0.42748854654225243
0.275 0.3874597245506781
0.277 0.3515981207987109
0.279 0.3211286833118202
0.281 0.2917658549957244
0.283 0.2683868872180773
0.285 0.2495322674378941
0.287 0.23286409887741014
0.289 0.21994121418778334
0.291 0.21107213966870064
0.293 0.20355973559070709
0.295 0.19682780443520925
0.297 0.19256690126898487
0.299 0.18831726846987232
0.301 0.1850481576094909
0.303 0.18313078640458713
0.305 0.18149235678570172
0.307 0.17985110957503833
0.309 0.17984265679970443
0.311 0.17956723720340856
0.313 0.17959823071296616
0.315 0.18055409872364006
0.317 0.18068582113925985
0.319 0.1822453581883623
0.321 0.18341254558238343
0.323 0.18506154117043622
0.325 0.18601600038522115
0.327 0.190960873955546
0.329 0.1979703379011732
0.331 0.20611247374154146
0.333 0.2151308806248562
0.335 0.2209020129840687
0.337 0.2288109931048105
0.339 0.23913112738954412
0.341 0.2509692392446552
0.343 0.2679297329521028
0.345 0.28676392519189575
0.347 0.3089313285050188
0.349 0.3307634383965643
0.351 0.3618252745547717
0.353 0.402159805254255
0.355 0.4456965290093931
0.357 0.49250306802285715
0.359 0.5498044320112885
0.361 0.613775035738158
0.363 0.6840457746805525
0.365 0.7645408497872299
0.367 0.8554490397073136
0.369 0.9511661543944355
0.371 1.0419355779194546
0.373 1.1353246574000346
0.375 1.2334494042614257
0.377 1.335589219406414
0.379 1.446230413343461
0.381 1.5678905043261762
0.383 1.7103627369768142
0.385 1.862252065747349
0.387 2.0150669734169444
0.389 2.1627214617452006
0.391 2.323913774168624
0.393 2.524747489714152
0.395 2.731292463793611
0.397 2.922570316824178
0.399 3.114374355119279
0.401 3.3156109862890557
0.403 3.5031583478056
0.405 3.7277105509380193
0.407 4.004946789532734
0.409 4.285859280999745
0.411 4.584251407459294
0.413 4.929221143600347
0.415 5.272447494828786
0.417 5.599526931975664
0.419 5.968539178758074
0.421 6.347811685999936
0.423 6.729041010731594
0.425 7.120433389006363
0.427 7.564921171143011
0.429 8.058678067507062
0.431 8.545052169014905
0.433 9.078613888824181
0.435 9.647091910343919
0.437 10.17816780980709
0.439 10.750222059691005
0.441 11.260376635804855
0.443 11.718883345832756
0.445 12.110597633968158
0.447 12.451133185048644
0.449 12.693001602850478
0.451 12.821450681222196
0.453 12.756438272935423
0.455 12.517362792983494
0.457 12.091140049547493
0.459 11.551038699221563
0.461 10.939876275459522
0.463 10.288873103957084
0.465 9.543752505499464
0.467 8.861037338536054
0.469 8.176396347592407
0.471 7.43348333229282
0.473 6.673362579607269
0.475 5.8837846092810615
0.477 5.131277693977511
0.479 4.447552420361702
0.481 3.7854394844787564
0.483 3.1985146895886962
0.485 2.687654306734466
0.487 2.2779201103831026
0.489 1.9365146278411722
0.491 1.6798461048276427
0.493 1.4713414956666107
0.495 1.3141205788542258
0.497 1.1877445436331453
0.499 1.0996257695732448
0.501 1.0289676117613804
0.503 0.954006286906622
0.505 0.8964076669856157
0.507 0.8310000914519851
0.509 0.7829615604336068
0.511 0.7348624511920022
0.513 0.6915419776058228
0.515 0.658082370844569
0.517 0.625888567189565
0.519 0.6028540500067738
0.521 0.5856209542948083
0.523 0.5620567298577601
0.525 0.5381734131518576
0.527 0.5156566284582672
0.529 0.4938505812906679
0.531 0.4744352607466701
0.533 0.4583707612246147
0.535 0.44588178566879416
0.537 0.4338386940118363
0.539 0.4224732331774785
0.541 0.40827609260626796
0.543 0.3879013820618738
0.545 0.36824515742086017
0.547 0.3454663366919192
0.549 0.3241371669327401
0.551 0.3094744193202212
0.553 0.29376704955602256
0.555 0.28173170627645405
0.557 0.2681206247950598
0.559 0.2526097820573741
0.561 0.23862043887978834
0.563 0.2267795094328993
0.565 0.21739481561844937
0.567 0.20768609874953375
0.569 0.19755051672625673
0.571 0.1898000261430253
0.573 0.1823277727478677
0.575 0.17440822665795852
0.577 0.16831870642783622
0.579 0.16151210909022237
0.581 0.1545681541534328
0.583 0.1467105950826388
0.585 0.14139802578528976
0.587 0.13107718710261168
0.589 0.1216917888902173
0.591 0.11340454707328394
0.593 0.10549345375870864
0.595 0.09920811090001791
0.597 0.09392230872455953
0.599 0.08590414692242163
0.601 0.07941593745571758
0.603 0.07371454049300967
0.605 0.06847241099010971
0.607 0.06241247547365602
0.609 0.058689027939078056
0.611 0.055571362636762114
0.613 0.05314893810565852
0.615 0.04988475803088851
0.617 0.047563766803791575
0.619 0.04445737186858749
0.621 0.04176798051652191
0.623 0.03921594676363202
0.625 0.037070350624713276
0.627 0.03447323540337598
0.629 0.033329293141523046
0.631 0.03238821748768344
0.633 0.030664555717514645
0.635 0.028443588998535392
0.637 0.026505085855296925
0.639 0.024752543769404004
0.641 0.023697355648556902
0.643 0.022379427094414758
0.645 0.02120026493533729
0.647 0.020039417122816577
0.649 0.01961043877462173
0.651 0.018562999031164023
0.653 0.017154203142182578
0.655 0.016555464889365462
0.657 0.015567898971189468
0.659 0.014797992017861108
0.661 0.014373240057333201
0.663 0.01427391994716001
0.665 0.01407880171653608
0.667 0.013350454241932673
0.669 0.013206052663312075
0.671 0.01284258332395486
0.673 0.012554484564658155
0.675 0.012096625900739186
0.677 0.012059292809681177
0.679 0.011714842214825213
0.681 0.011202744909180457
0.683 0.010868860283491856
0.685 0.010360989365514044
0.687 0.009979205679600072
0.689 0.009745345562029151
0.691 0.00953895696429337
0.693 0.008907816406029683
0.695 0.008741578491129873
0.697 0.00827104066421007
0.699 0.007996325465858687
0.701 0.007773735715399618
0.703 0.007558894342329948
0.705 0.007425058732876711
0.707 0.007101740076355469
0.709 0.00681011932733631
0.711 0.006615001096712379
0.713 0.0063966377339202555
0.715 0.006326197939471183
0.717 0.006298022021691554
0.719 0.006132488504736234
0.721 0.006172639187572206
0.723 0.005838754561883603
0.725 0.005802125868770085
0.727 0.0057246420948761055
0.729 0.005828892990660733
0.731 0.005711962931875272
0.733 0.005484442395804769
0.735 0.005510505119750926
0.737 0.005425272968467548
0.739 0.005275940604235515
0.741 0.0051730985043398695
0.743 0.005022357344218855
0.745 0.005097727924279362
0.747 0.004967414304548578
0.749 0.004867389796430896
0.751 0.004829352307428396
0.753 0.004774409267758121
0.755 0.0048018807875932585
0.757 0.00468635952469678
0.759 0.004713831044531918
0.761 0.004761025706812796
0.763 0.004663114392528586
0.765 0.0046370516685824295
0.767 0.004591970200135023
0.769 0.004651139627472244
0.771 0.0045454799357986355
0.773 0.004624372505581596
0.775 0.0047173530342543716
0.777 0.004732145391088677
0.779 0.004835691888928813
0.781 0.004958257131270199
0.783 0.004999816609995151
0.785 0.0050913883427789455
0.787 0.0052618526453457005
0.789 0.005030105721608252
0.791 0.004654661617194697
0.793 0.004311619818227716
0.795 0.004275695523058689
0.797 0.004220048085443922
0.799 0.004260903166224383
0.801 0.004122136771159711
0.803 0.004176375412885496
0.805 0.003950968070648465
0.807 0.003981257182261566
0.809 0.003826289634473607
0.811 0.003931949326147216
0.813 0.003941106499425595
0.815 0.003953081264481937
0.817 0.003881937072088374
0.819 0.003918565765201892
0.821 0.0038889810515332817
0.823 0.003968578019260733
0.825 0.004058740956155546
0.827 0.00404324420137675
0.829 0.004103118026658461
0.831 0.003862213929642634
0.833 0.003972804406927677
0.835 0.00392701854053578
0.837 0.004062262945878
0.839 0.0040869168739351746
0.841 0.004073533312989851
0.843 0.004149608290994849
0.845 0.00406296734382249
0.847 0.003950263672703974
0.849 0.0039925275493734175
0.851 0.004150312688939339
0.853 0.004110866404047859
0.855 0.004186236984108366
0.857 0.004188350177941839
0.859 0.004266538349780309
0.861 0.0040812816903792485
0.863 0.0042545635847239666
0.865 0.004425732285235212
0.867 0.004234840442278226
0.869 0.0043764244291208615
0.871 0.00465747920897266
0.873 0.004602536169302384
0.875 0.004601831771357893
0.877 0.004531391976908821
0.879 0.004496172079684285
0.881 0.004696925493864141
0.883 0.0045398447522427094
0.885 0.0048363962868733035
0.887 0.004751868533534417
0.889 0.005049124466109502
0.891 0.0051357654132818615
0.893 0.005506983130028472
0.895 0.005361172755518892
0.897 0.005652793504538052
0.899 0.0055569953840873135
0.901 0.00573873005376592
0.903 0.005858477704329343
0.905 0.006159255626626881
0.907 0.006164186412238317
0.909 0.006692484870606359
0.911 0.006412134488699051
0.913 0.006557944863208631
0.915 0.00669389366649534
0.917 0.007085538923632183
0.919 0.007119350024967737
0.921 0.006572737220042936
0.923 0.007183450237916392
0.925 0.007461687425990228
0.927 0.007857559070794015
0.929 0.007889961376240588
0.931 0.007832200744792349
0.933 0.008063243270585305
0.935 0.008840194203358574
0.937 0.009136041340044677
0.939 0.00913956332976713
0.941 0.008794408336966677
0.943 0.00892472195669746
0.945 0.009125475370877316
0.947 0.00947978753695615
0.949 0.009570654871795453
0.951 0.010504686546190151
0.953 0.010577943932417186
0.955 0.01149718324997758
0.957 0.009960186935098822
0.959 0.010524409688635892
0.961 0.011397158741859897
0.963 0.011802187559942064
0.965 0.00982212493797864
0.967 0.009761546714752439
0.969 0.010491302985244828
0.971 0.011142871083898746
0.973 0.011573258227982578
0.975 0.011621157288207947
0.977 0.011542969116369477
0.979 0.012024072912456642
0.981 0.012301605702585986
0.983 0.01211000946168451
0.985 0.011174568991400829
0.987 0.009157173278379399
0.989 0.007550441566996059
0.991 0.0058091698482149925
0.993 0.003496631396451949
0.995 0.0009847483263980307
0.997 0
