intensity ch0
0.003 0
0.005 5.635183555925784e-06
0.007 0.0015031852135432028
0.009 0.003280381227493297
0.011 0.004438411448236045
0.013 0.004922332836101172
0.015 0.0046469132398053
0.017 0.0038079752879168483
0.019 0.0034543675197825055
0.021 0.003551574436122225
0.023 0.0037945917269715246
0.025 0.003143023628317606
0.027 0.0025590777323347964
0.029 0.002730950830790533
0.031 0.0034684554786723197
0.033 0.004303871440838317
0.035 0.00401365948770814
0.037 0.004513077630352062
0.039 0.0058549557146068895
0.041 0.007471548997213098
0.043 0.006412134488699051
0.045 0.006195179921795908
0.047 0.0067319311554978395
0.049 0.006503706221482845
0.051 0.0066586737692708045
0.053 0.00769695633945013
0.055 0.01016234914516766
0.057 0.011337989314522677
0.059 0.014601464991348196
0.061 0.018293919016368565
0.063 0.02134889290162483
0.065 0.02373468873961491
0.067 0.028077302067400216
0.069 0.030590593933343117
0.071 0.035870760925245576
0.073 0.04013659487708139
0.075 0.04477787293333077
0.077 0.04965371550509555
0.079 0.05765919814423262
0.081 0.06331410484260415
0.083 0.06983894300242172
0.085 0.07881015522345555
0.087 0.09085183808452446
0.089 0.10374302486664919
0.091 0.11242261633866388
0.093 0.12329852060160064
0.095 0.13729983854424274
0.097 0.1510764535425923
0.099 0.16190093675558123
0.101 0.1725789051961161
0.103 0.18825246385897917
0.105 0.20318781347601597
0.107 0.2194671543711411
0.109 0.23966717422530154
0.111 0.26258335255341825
0.113 0.28902222500193303
0.115 0.3218204020933101
0.117 0.3558435272101565
0.119 0.3849316403279009
0.121 0.41572228327747934
0.123 0.4466390134591217
0.125 0.48574718733724664
0.127 0.5169759658082983
0.129 0.550446842936664
0.131 0.5853687798306806
0.133 0.6208633922535681
0.135 0.6607175235549088
0.137 0.6998940240336493
0.139 0.7399686318916155
0.141 0.776793852031646
0.143 0.8141262386917099
0.145 0.8506499765114983
0.147 0.8869539421726057
0.149 0.9222259648450342
0.151 0.9549917396309646
0.153 0.9923297614745844
0.155 1.029640311798369
0.157 1.0766609877869582
0.159 1.1265802613171267
0.161 1.19329801702751
0.163 1.2823127852728027
0.165 1.396492874482971
0.167 1.4946119861608063
0.169 1.5899297072134018
0.171 1.669785893384426
0.173 1.754158679175525
0.175 1.8169790010590412
0.177 1.8238095479267675
0.179 1.8027712945186631
0.181 1.7808011226299976
0.183 1.7460235873146015
0.185 1.72496067997844
0.187 1.69663402103869
0.189 1.6646768950930348
0.191 1.61570714999204
0.193 1.5611874534864023
0.195 1.514459102644777
0.197 1.4646497151939488
0.199 1.4030233478263445
0.201 1.3398156070733584
0.203 1.289234903873313
0.205 1.2397150239776709
0.207 1.1934374878205192
0.209 1.1607196120948142
0.211 1.1312905703719363
0.213 1.1046763028352433
0.215 1.0854152454410888
0.217 1.0764130397104974
0.219 1.0707377054717357
0.221 1.0706327501780066
0.223 1.0795236610333685
0.225 1.0892535098406189
0.227 1.1049150937384256
0.229 1.1164721508136848
0.231 1.1254806961257768
0.233 1.1278932590856574
0.235 1.1275361293278006
0.237 1.1300635091526334
0.239 1.1145864775162833
0.241 1.0922429747170375
0.243 1.0567863997831524
0.245 1.022647049005465
0.247 0.9798337419393189
0.249 0.9336590478820631
0.251 0.8912676751846669
0.253 0.8434475075290807
0.255 0.7975665474146775
0.257 0.7453002199334657
0.259 0.6901768543893998
0.261 0.6375970698228898
0.263 0.5845840805205179
0.265 0.5331031567474135
0.267 0.48511815997281643
0.269 0.4428486481198171
0.271 0.4026225947037854
0.273 0.3678380154089445
0.275 0.3391739498537835
0.277 0.3120222266854441
0.279 0.28818751343771154
0.281 0.2677796961899263
0.283 0.25230125575768714
0.285 0.2400876997981625
0.287 0.22938366863368148
0.289 0.2231018477647132
0.291 0.2154126398026525
0.293 0.2114017979067223
0.295 0.20894063148867173
0.297 0.20668796686219038
0.299 0.20501149975430247
0.301 0.205577835701673
0.303 0.20637028338922506
0.305 0.2076959603207566
0.307 0.20999511521157432
0.309 0.21508932114613125
0.311 0.22187689973924385
0.313 0.22791359012352935
0.315 0.2361472976966814
0.317 0.24481350560775075
0.319 0.2552238028293792
0.321 0.2673324034951747
0.323 0.2803637654682531
0.325 0.29541393195024185
0.327 0.3127238070381569
0.329 0.33165379739840056
0.331 0.3535147876056702
0.333 0.37451007273916065
0.335 0.4009806430951775
0.337 0.42687712912643444
0.339 0.45847219452862137
0.341 0.4901686932348149
0.343 0.5260204354155592
0.345 0.5664247015115471
0.347 0.6093528254426452
0.349 0.6568630580026555
0.351 0.7075275845580953
0.353 0.7604976055858531
0.355 0.8195501028642884
0.357 0.8849964202848659
0.359 0.9501313938139786
0.361 1.0235909422510827
0.363 1.1013677456899702
0.365 1.187851612120708
0.367 1.2806384313587482
0.369 1.374531155369639
0.371 1.4786045428722545
0.373 1.5899515435496812
0.375 1.7074120139873425
0.377 1.8322764112195462
0.379 1.9642531144972726
0.381 2.109694384483939
0.383 2.2606158704787433
0.385 2.4183319790461053
0.387 2.583916917051373
0.389 2.754276968722343
0.391 2.9417489596588267
0.393 3.13384814069267
0.395 3.3325024489979436
0.397 3.536538357599126
0.399 3.7458487980086557
0.401 3.9676947042383417
0.403 4.187395014329109
0.405 4.4179881342334815
0.407 4.649490631884191
0.409 4.891440759847587
0.411 5.132825960659502
0.413 5.3798653637718425
0.415 5.633369026820776
0.417 5.888643546302158
0.419 6.133141481630777
0.421 6.385845653012713
0.423 6.638704791942437
0.425 6.882252494443938
0.427 7.1192697236020654
0.429 7.359896992225708
0.431 7.59156784098515
0.433 7.802322297180885
0.435 8.003296892315312
0.437 8.187125032684945
0.439 8.357761208350155
0.441 8.498881701345315
0.443 8.626297427932466
0.445 8.728680964766246
0.447 8.786970599070798
0.449 8.826750768587967
0.451 8.81743087938441
0.453 8.776798388354408
0.455 8.693114503753021
0.457 8.566949787915288
0.459 8.409468948261386
0.461 8.195218565067144
0.463 7.956792540020034
0.465 7.688088673726936
0.467 7.388215902788068
0.469 7.0768403134156666
0.471 6.7313648195504685
0.473 6.372755826010242
0.475 6.000710441678854
0.477 5.62669696949056
0.479 5.259312586357867
0.481 4.894963453967985
0.483 4.547157107304468
0.485 4.202775543447064
0.487 3.875164285852096
0.489 3.5677819284270123
0.491 3.275378593291524
0.493 3.0110673525802696
0.495 2.767490769763045
0.497 2.5449785030778704
0.499 2.346828543700852
0.501 2.1681904073862266
0.503 2.0039022659967665
0.505 1.8647646532153472
0.507 1.7360155013192773
0.509 1.6192826739582749
0.511 1.519527950253332
0.513 1.4245891952948724
0.515 1.3431283906062983
0.517 1.26752395042822
0.519 1.2004356813990347
0.521 1.1408126217855619
0.523 1.0861048510287454
0.525 1.031773228774287
0.527 0.9791293439948282
0.529 0.933317414878985
0.531 0.8895912080767789
0.533 0.8485579146163609
0.535 0.8073703580060994
0.537 0.7681825871602469
0.539 0.7331190662793877
0.541 0.6988184083724119
0.543 0.6647713337254528
0.545 0.6315723542036605
0.547 0.5968997741819937
0.549 0.5661020872529704
0.551 0.5335765121661112
0.553 0.5057971704292306
0.555 0.4760088857546624
0.557 0.4494854855528087
0.559 0.42425535997704
0.561 0.39896747376982306
0.563 0.37746290892246576
0.565 0.3581588832536975
0.567 0.33890064345132115
0.569 0.32261425857675113
0.571 0.3044168420787778
0.573 0.2877423339367934
0.575 0.2745672747830389
0.577 0.2600158220457495
0.579 0.24634697993290708
0.581 0.23214138658636266
0.583 0.2188205170580986
0.585 0.2075614203133589
0.587 0.1964601087081851
0.589 0.18670842356465553
0.591 0.1763995596470338
0.593 0.1669909163024712
0.595 0.15746322970528967
0.597 0.14864416744026585
0.599 0.14047244688622895
0.601 0.13222887774185402
0.603 0.12563148659375392
0.605 0.1179789073248067
0.607 0.1108574441060055
0.609 0.10441290731185987
0.611 0.0976443474632485
0.613 0.09158511634473931
0.615 0.08644371574790152
0.617 0.08196726681066298
0.619 0.07762676667671115
0.621 0.0734546176514926
0.623 0.06949730999934371
0.625 0.06566468078336969
0.627 0.061866567066675704
0.629 0.05882920313003171
0.631 0.0557467577249403
0.633 0.05303834762837348
0.635 0.05048842706931706
0.637 0.04753066010040052
0.639 0.04516881379252312
0.641 0.04311478938638817
0.643 0.04156722710234205
0.645 0.03945614646270336
0.647 0.03767542845903081
0.649 0.036210280734490105
0.651 0.03422317413308178
0.653 0.03324476538818416
0.655 0.031924019242264054
0.657 0.03043844397733312
0.659 0.02941424936604361
0.661 0.02809068562834554
0.663 0.026650191831862013
0.665 0.02545694171389473
0.667 0.02447501097927466
0.669 0.023525482550101166
0.671 0.02285771329872396
0.673 0.02187366937027042
0.675 0.020907939788373638
0.677 0.02058039474418545
0.679 0.01975906674090927
0.681 0.019201887966817106
0.683 0.018352384045761297
0.685 0.01749865373703854
0.687 0.01705981381762082
0.689 0.01635823346490806
0.691 0.015994059727606355
0.693 0.015427019382291324
0.695 0.015098769940158647
0.697 0.01437042246555524
0.699 0.013813243691463077
0.701 0.013306077171429757
0.703 0.0129003439554031
0.705 0.012477705188708667
0.707 0.012196650408856868
0.709 0.01178950839694123
0.711 0.011383070782970083
0.713 0.011202744909180457
0.715 0.010828005202711393
0.717 0.01038634769151571
0.719 0.010024287148047479
0.721 0.009951029761820444
0.723 0.00951923382184763
0.725 0.009398077375395227
0.727 0.009014180495647782
0.729 0.00876764121507603
0.731 0.008480951251668305
0.733 0.008547869056394923
0.735 0.008244977940263912
0.737 0.008032954158972205
0.739 0.007960401170689661
0.741 0.007715270686006888
0.743 0.007547623975218096
0.745 0.007360254121983564
0.747 0.007077086148298294
0.749 0.006920005406676862
0.751 0.006793213776668533
0.753 0.006659378167215295
0.755 0.006552309679652705
0.757 0.00645932915097993
0.759 0.006512158996816734
0.761 0.006344512286027942
0.763 0.006013445252117302
0.765 0.005910603152221657
0.767 0.00593314388644536
0.769 0.005876087652941611
0.771 0.0057781763386574
0.773 0.0055971460669232845
0.775 0.005549951404642406
0.777 0.005416115795189169
0.779 0.005308342909682088
0.781 0.005090683944834455
0.783 0.005225223952232183
0.785 0.005161828137228018
0.787 0.005153375361894129
0.789 0.005230859135788109
0.791 0.0050026342017731144
0.793 0.005083639965389548
0.795 0.005003338599717605
0.797 0.004970231896326541
0.799 0.004918810846378719
0.801 0.004741302564367056
0.803 0.004834283093039832
0.805 0.0048018807875932585
0.807 0.004904722887488904
0.809 0.004854006235485572
0.811 0.004737780574644602
0.813 0.004746233349978491
0.815 0.004634938474748957
0.817 0.004457430192737295
0.819 0.0045511151193545615
0.821 0.004457430192737295
0.823 0.004372902439398408
0.825 0.004322185787395076
0.827 0.004160878658106701
0.829 0.004093960853380082
0.831 0.0039925275493734175
0.833 0.003836855603640968
0.835 0.003696680412687314
0.837 0.003755145442080044
0.839 0.0036558253319068524
0.841 0.003524807314231578
0.843 0.003628353812071714
0.845 0.003577637160068382
0.847 0.0034621158971719036
0.849 0.003438166367059219
0.851 0.003470568672505792
0.853 0.0033846321232779237
0.855 0.0033649089808321835
0.857 0.0034008332760012104
0.859 0.0033374374609970456
0.861 0.003243752534379779
0.863 0.003310670339106398
0.865 0.0032761548398263524
0.867 0.0032761548398263524
0.869 0.0032352997590458905
0.871 0.0031789479234866328
0.873 0.0031310488632612637
0.875 0.0031380928427061708
0.877 0.003124004883816356
0.879 0.003122596087927375
0.881 0.003048634303755849
0.883 0.002964106550416962
0.885 0.003023275977754183
0.887 0.0029859428866961745
0.889 0.00305920027292321
0.891 0.0030901937824808017
0.893 0.00296199335658349
0.895 0.0030923069763142737
0.897 0.003102872945481635
0.899 0.0030648354564791354
0.901 0.003028206763365618
0.903 0.0031669731584302906
0.905 0.0031521808015959854
0.907 0.003277563635715334
0.909 0.003242343738490798
0.911 0.0033050351555504722
0.913 0.003264884472714501
0.915 0.0034346443773367653
0.917 0.003452958723893524
0.919 0.003612857057292918
0.921 0.0037903653393045805
0.923 0.0037537366461910626
0.925 0.00385798754197569
0.927 0.004096074047213554
0.929 0.004201733738887162
0.931 0.004492650089961831
0.933 0.004408122336622944
0.935 0.004730032197255205
0.937 0.004944169172380384
0.939 0.005359763959629911
0.941 0.00575845319621166
0.943 0.005964841793947442
0.945 0.006424813651699884
0.947 0.006834773255393485
0.949 0.006874923938229456
0.951 0.007680755186726843
0.953 0.008237933960819005
0.955 0.00889513724302885
0.957 0.00939103339595032
0.959 0.009250858204996664
0.961 0.010454674292131311
0.963 0.011862765783168265
0.965 0.01284187892601037
0.967 0.01419573177532154
0.969 0.014630345307072317
0.971 0.016338510322462318
0.973 0.01772335668133108
0.975 0.01911524701964475
0.977 0.02133832693245747
0.979 0.021810273555266255
0.981 0.02534423804277621
0.983 0.02791247294838939
0.985 0.02735952056196417
0.987 0.029987629292859058
0.989 0.02825481034941188
0.991 0.03302992401511449
0.993 0.035510109177666324
0.995 0.02966642383017129
0.997 0.013564591217057852
