intensity ch0
0.003 0
0.005 0
0.007 0
0.009 0
0.011 0.00198781099935282
0.013 0.004370084847620445
0.015 0.006497366639982428
0.017 0.0046757935555294195
0.019 0.004854006235485572
0.021 0.004083394884212721
0.023 0.0035473480484552807
0.025 0.0038178368591397184
0.027 0.0035522788340667157
0.029 0.0023329659921532742
0.031 0.002194199597088602
0.033 0.001894126072735554
0.035 0.0032120546268776967
0.037 0.00520268321800848
0.039 0.005004042997662096
0.041 0.00423836243200068
0.043 0.007533536016328282
0.045 0.008266814276543124
0.047 0.005973294569281331
0.049 0.006135306096514197
0.051 0.005918351529611054
0.053 0.006805892939669365
0.055 0.006588938372766222
0.057 0.007928703263187578
0.059 0.008745100480852325
0.061 0.010906897772494354
0.063 0.014927601239647401
0.065 0.01614409648978288
0.067 0.021626425691754176
0.069 0.024563060722336
0.071 0.026354344695175908
0.073 0.03316446402251222
0.075 0.03501350862680037
0.077 0.037612737041971135
0.079 0.043574761244140614
0.081 0.04636910788993531
0.083 0.04863938246502891
0.085 0.05431823869351312
0.087 0.0636592598354046
0.089 0.07423227298221034
0.091 0.09579107647129341
0.093 0.1110018456846261
0.095 0.1174393384993268
0.097 0.13174777394576687
0.099 0.1396250561590066
0.101 0.15027273548792838
0.103 0.159301003942466
0.105 0.16893998541487704
0.107 0.18784743504089702
0.109 0.20887089609216714
0.111 0.22038005410720105
0.113 0.23954601777884915
0.115 0.27504978737501506
0.117 0.31335001681080915
0.119 0.3561090852352295
0.121 0.3815491213984564
0.123 0.4097771646259777
0.125 0.45245029650117013
0.127 0.4699545854217646
0.129 0.5109857656883492
0.131 0.5522796863882289
0.133 0.5902425092086119
0.135 0.6437837969693517
0.137 0.6816472996795616
0.139 0.7138939331804024
0.141 0.7450395926940042
0.143 0.7859559560956368
0.145 0.8194183804486687
0.147 0.8705675327899179
0.149 0.916275915407921
0.151 0.9237235148750215
0.153 0.9417596242437064
0.155 0.9929348393089019
0.157 1.018932054246221
0.159 1.063582431151599
0.161 1.1433357752227276
0.163 1.2039724634783224
0.165 1.2994057057938146
0.167 1.4982607675132682
0.169 1.6887271541117816
0.171 1.7271746027179744
0.173 1.7661602113537578
0.175 1.9142098669288736
0.177 1.9802147719194323
0.179 1.9670051972663978
0.181 1.9471820303125398
0.183 1.8841623638107328
0.185 1.8684740127910353
0.187 1.8453866657624074
0.189 1.7831397238057067
0.191 1.7244436518871837
0.193 1.6255187089608512
0.195 1.5537955014569167
0.197 1.504606688595185
0.199 1.4341521017892784
0.201 1.3414047288361295
0.203 1.2736810928610134
0.205 1.2220360443668425
0.207 1.166874641333774
0.209 1.1158304442862539
0.211 1.0645622486923856
0.213 1.0450299980896023
0.215 1.0397836421990354
0.217 1.0297692166222108
0.219 1.028800669448536
0.221 1.014107632724404
0.223 1.0290500263208857
0.225 1.0619778126340491
0.227 1.10329075207843
0.229 1.153480514419283
0.231 1.1958077869037305
0.233 1.1960317854500786
0.235 1.1856524817380079
0.237 1.2064512398449854
0.239 1.1965840334385593
0.241 1.1765439119177983
0.243 1.1629539623747387
0.245 1.1083356501568726
0.247 1.0450948027004954
0.249 0.9856168490635878
0.251 0.9189385396380959
0.253 0.8640419902321559
0.255 0.8113023073322465
0.257 0.7680987638048525
0.259 0.7209041015239741
0.261 0.6480179330136855
0.263 0.5704749896923688
0.265 0.5042559477266849
0.267 0.4518987529106339
0.269 0.40963839823091297
0.271 0.3634418678373779
0.273 0.33009919113490954
0.275 0.2997037154321904
0.277 0.27081142494301436
0.279 0.24510935274443688
0.281 0.22395628247138047
0.283 0.21264365148285944
0.285 0.20367737004743702
0.287 0.19740681954558062
0.289 0.19263452347165597
0.291 0.1886222727798368
0.293 0.18810383589269164
0.295 0.18551165145696577
0.297 0.1838034864415758
0.299 0.18286170638979168
0.301 0.18035757169712716
0.303 0.1776139417033358
0.305 0.17668202322277457
0.307 0.1797926445456456
0.309 0.18232636395197874
0.311 0.1885546505771657
0.313 0.1948188614975217
0.315 0.197225084875902
0.317 0.20083371554552798
0.319 0.2069746568255981
0.321 0.21458215462609792
0.323 0.2241204071924468
0.325 0.23562815641159174
0.327 0.2478705926868405
0.329 0.26210224875733107
0.331 0.2754491810095413
0.333 0.29101285359306384
0.335 0.3108479953119781
0.337 0.33378248798665155
0.339 0.35436710911850394
0.341 0.3806235424993956
0.343 0.4112493563299633
0.345 0.44453356800303895
0.347 0.4788187291552359
0.349 0.5198914689005455
0.351 0.5622025402322697
0.353 0.6066507549275788
0.355 0.6602223317999317
0.357 0.7088680538464611
0.359 0.7768579522445946
0.361 0.8471582759006578
0.363 0.9088240895531536
0.365 0.9839974381892036
0.367 1.0714075879169465
0.369 1.1585345696710039
0.371 1.2460827813958668
0.373 1.3503646706900514
0.375 1.4600915560951493
0.377 1.584331856748534
0.379 1.709809784590389
0.381 1.84462943797208
0.383 1.987747603537816
0.385 2.138322525743931
0.387 2.3060319279497827
0.389 2.477675392675615
0.391 2.6689898743992955
0.393 2.8610200244345783
0.395 3.072206980968231
0.397 3.282974116326967
0.399 3.501934104178075
0.401 3.728539627318685
0.403 3.962200400271314
0.405 4.216132337270498
0.407 4.459496191908486
0.409 4.716926873497955
0.411 5.003863376186251
0.413 5.288309127742828
0.415 5.572025827426857
0.417 5.865214566270452
0.419 6.163632051056003
0.421 6.464805844998345
0.423 6.800895236253203
0.425 7.114264271808514
0.427 7.428620873282
0.429 7.7421244488447085
0.431 8.043415172845837
0.433 8.351235665792393
0.435 8.653769652165547
0.437 8.936667137040134
0.439 9.195879945429164
0.441 9.439336780595825
0.443 9.661293277302796
0.445 9.880809035132108
0.447 10.011510778130306
0.449 10.104280691817678
0.451 10.130736469816862
0.453 10.083534763556537
0.455 10.002941777135575
0.457 9.827863668032407
0.459 9.580227639861082
0.461 9.257085082825963
0.463 8.883952108068282
0.465 8.488281216678676
0.467 8.0458939492125
0.469 7.57121567117498
0.471 7.0943171308164255
0.473 6.604473165034021
0.475 6.089877359880157
0.477 5.597015753303554
0.479 5.102347365999332
0.481 4.625329782388159
0.483 4.158672483744556
0.485 3.737851768144852
0.487 3.365498561911722
0.489 3.0064859483493023
0.491 2.6912953397095385
0.493 2.4174972674818838
0.495 2.1892723334668895
0.497 1.9887041759464343
0.499 1.8233911355477401
0.501 1.676972865612065
0.503 1.5508680235996133
0.505 1.441896957188954
0.507 1.3516755552647488
0.509 1.2665448372853778
0.511 1.1997763649229913
0.513 1.144629754246757
0.515 1.0874868797958361
0.517 1.0283237920401158
0.519 0.9876532635211105
0.521 0.9461325266831048
0.523 0.9113641485409872
0.525 0.8665609172816547
0.527 0.82645672471002
0.529 0.7896406617432679
0.531 0.7521554207292495
0.533 0.7155450419622886
0.535 0.6803913581445347
0.537 0.6484983324118282
0.539 0.6272410112429871
0.541 0.6009099116799794
0.543 0.5774034478743795
0.545 0.5436198180586599
0.547 0.5144683091259113
0.549 0.47540239912445587
0.551 0.44390313184271973
0.553 0.41991063345542123
0.555 0.3940852916165578
0.557 0.36895800814068475
0.559 0.3488481512234191
0.561 0.3320088139624239
0.563 0.312827353535997
0.565 0.2972953788599766
0.567 0.2819726103734699
0.569 0.26722956139527904
0.571 0.253792466206174
0.573 0.24297502697263
0.575 0.23273308085973488
0.577 0.22016380393824242
0.579 0.20657596758901636
0.581 0.19551339787078956
0.583 0.1884032050191002
0.585 0.17906147947926424
0.587 0.16847578716945766
0.589 0.15874664276015177
0.591 0.15167519179540942
0.593 0.14329849143952575
0.595 0.1360734817228844
0.597 0.1273565571598117
0.599 0.12029426336834771
0.601 0.11298543029631196
0.603 0.1072128891412105
0.605 0.0992623495417437
0.607 0.09310168511922784
0.609 0.08677407838386768
0.611 0.08213491352145177
0.613 0.0765215663018052
0.615 0.07204441296662216
0.617 0.06817585945547912
0.619 0.06528782788306715
0.621 0.06270902700828661
0.623 0.05863408489940778
0.625 0.05553966472926004
0.627 0.052353672826328496
0.629 0.04991856913222406
0.631 0.04679667744224118
0.633 0.04494692844000854
0.635 0.04342331568607511
0.637 0.04128194593482331
0.639 0.03922369514102142
0.641 0.0376303469905834
0.643 0.03578341558012873
0.645 0.0345253608512683
0.647 0.03356315325909397
0.649 0.03131682821411305
0.651 0.029282526950423843
0.653 0.028599965342212333
0.655 0.028211842074797946
0.657 0.026767121890647474
0.659 0.025628814812350464
0.661 0.02454263318194577
0.663 0.0230746678656271
0.665 0.02203920288722574
0.667 0.021313673004400294
0.669 0.020814254861756372
0.671 0.019878109993528202
0.673 0.019468854787779093
0.675 0.018655979559836798
0.677 0.018214322048641114
0.679 0.01746906902336993
0.681 0.016722407202209764
0.683 0.01586374610787557
0.685 0.015567898971189468
0.687 0.01487758898558856
0.689 0.014509893258564402
0.691 0.014211228530100336
0.693 0.013784363375738958
0.695 0.0132419769584811
0.697 0.012727062061058383
0.699 0.01207056317679303
0.701 0.01197335626045331
0.703 0.011580302207427486
0.705 0.011351372875468
0.707 0.01087449546704778
0.709 0.010509617331801587
0.711 0.010027809137769933
0.713 0.009922853844040815
0.715 0.00961644073818735
0.717 0.009338907948058006
0.719 0.009173374431102685
0.721 0.008822584254746305
0.723 0.008592246126897839
0.725 0.008700019012404919
0.727 0.008249908725875348
0.729 0.008022388189804844
0.731 0.007856854672849524
0.733 0.007544101985495643
0.735 0.007620881361445132
0.737 0.007300380296701853
0.739 0.00713202918796857
0.741 0.007124280810579172
0.743 0.006779830215723209
0.745 0.006619227484379324
0.747 0.006435379620867245
0.749 0.006325493541526692
0.751 0.006341694694249979
0.753 0.006173343585516696
0.755 0.0063036572052474794
0.757 0.005971885773392349
0.759 0.005861999694051797
0.761 0.005745069635266336
0.763 0.0056873090038180975
0.765 0.005490077579360695
0.767 0.005490781977305186
0.769 0.0052562174617897745
0.771 0.005194934840619082
0.773 0.005283688981624913
0.775 0.0051759160961178325
0.777 0.005092092740723436
0.779 0.005170985310506397
0.781 0.004956848335381217
0.783 0.005025174935996818
0.785 0.005014608966829457
0.787 0.004858232623152516
0.789 0.004824421521816962
0.791 0.0048434402663182115
0.793 0.004984319855216355
0.795 0.004860345816985989
0.797 0.004771591675980158
0.799 0.0046469132398053
0.801 0.004732849789033168
0.803 0.004897678908043997
0.805 0.004811037960871638
0.807 0.00470537826919803
0.809 0.00484273586837372
0.811 0.004832169899206359
0.813 0.004765252094479741
0.815 0.004659592402806133
0.817 0.004389103592121695
0.819 0.004317959399728131
0.821 0.0042073689224430885
0.823 0.004103822424602952
0.825 0.003973508804872169
0.827 0.004012250691819158
0.829 0.0037213343407444892
0.831 0.003710063973632638
0.833 0.003617787842904353
0.835 0.003651598944239908
0.837 0.0035135369471197262
0.839 0.0035663667929565304
0.841 0.0035184677327311613
0.843 0.003486065427284588
0.845 0.003457889509504959
0.847 0.003462820295116394
0.849 0.0034698642745613012
0.851 0.0033959024903897754
0.853 0.0033416638486639897
0.855 0.00325431850354714
0.857 0.003310670339106398
0.859 0.0033550474096093134
0.861 0.00335152541988686
0.863 0.00340999044927959
0.865 0.0034297135917253302
0.867 0.0032219161981005668
0.869 0.0031979666679878825
0.871 0.0032507965138246866
0.873 0.0032071238412662616
0.875 0.003159929178985383
0.877 0.0032613624829920473
0.879 0.00322473378987853
0.881 0.003213463422766678
0.883 0.0031923314844319564
0.885 0.0032557272994361217
0.887 0.003269815258325936
0.889 0.0032303689734344554
0.891 0.0032937647884386206
0.893 0.0032958779822720927
0.895 0.003300104369939037
0.897 0.0033578650013872764
0.899 0.0034367575711702373
0.901 0.0034635246930608847
0.903 0.0036121526593484274
0.905 0.0036044042819590293
0.907 0.0035734107724014375
0.909 0.0037614850235804607
0.911 0.003918565765201892
0.913 0.004003093518540779
0.915 0.0040397222116542965
0.917 0.004113683995825822
0.919 0.004237658034056189
0.921 0.00437431123528739
0.923 0.0046743847596404375
0.925 0.004948395560047329
0.927 0.005076595985944641
0.929 0.0050484200681650115
0.931 0.005502052344417037
0.933 0.005686604605873606
0.935 0.005868339275552213
0.937 0.006155029238959937
0.939 0.006588233974821732
0.941 0.007084834525687691
0.943 0.007269386787144261
0.945 0.008111846728755166
0.947 0.0072376888796421785
0.949 0.008353455223715483
0.951 0.008616195657010522
0.953 0.00958756042246323
0.955 0.009701672889470728
0.957 0.010997060709389167
0.959 0.012557302156436119
0.961 0.011607069329318133
0.963 0.013311007957041193
0.965 0.013533597707500261
0.967 0.015021286166264667
0.969 0.015262894661224985
0.971 0.01874543809878712
0.973 0.01597081459543816
0.975 0.020419792012841567
0.977 0.020447967930621196
0.979 0.022862644084335394
0.981 0.02021551660893926
0.983 0.02542031302078121
0.985 0.021800411984043384
0.987 0.019542112174006126
0.989 0.022890820002115023
0.991 0.04467080444576818
0.993 0.040231688599587645
0.995 0.0020941750889709194
0.997 0
