intensity ch0
0.003 0
0.005 0
0.007 0
0.009 7.466618211601664e-05
0.011 0.0007346870561038241
0.013 0.0010946344057385835
0.015 0.0014778268875415368
0.017 0.0021568665060305936
0.019 0.0026717814034533122
0.021 0.002964106550416962
0.023 0.0032888340028271856
0.025 0.003479021447839681
0.027 0.003409286051335099
0.029 0.0033480034301644063
0.031 0.0033120791349953793
0.033 0.003076105823590987
0.035 0.0029887604784741375
0.037 0.0030014396414749706
0.039 0.0036269450161827326
0.041 0.004353179296952668
0.043 0.004431367468791138
0.045 0.006549492087874742
0.047 0.006457215957146457
0.049 0.0064367884167562265
0.051 0.00606979708767656
0.053 0.006010627660339339
0.055 0.006314223174414841
0.057 0.006789691786946079
0.059 0.00785262828518258
0.061 0.010704031164481027
0.063 0.012836243742454444
0.065 0.013847759190743122
0.067 0.015178366907886098
0.069 0.019060303979974474
0.071 0.02177575805598621
0.073 0.024585601456559705
0.075 0.026446620825904193
0.077 0.028787335195446868
0.079 0.03192965442581998
0.081 0.035307242569653
0.083 0.03916593450957318
0.085 0.04296475262421165
0.087 0.048474553346018086
0.089 0.05595455511856507
0.091 0.0669241443081191
0.093 0.0821405487050077
0.095 0.0960509993128105
0.097 0.10717062526454105
0.099 0.11686807176634482
0.101 0.12297308875124592
0.103 0.13096589222738217
0.105 0.13775558401432825
0.107 0.15160545639890483
0.109 0.1701874741745701
0.111 0.18642455119302576
0.113 0.20889202803050186
0.115 0.2328154954192403
0.117 0.2670062672468755
0.119 0.29746372996870984
0.121 0.32346094490602895
0.123 0.3520306211366282
0.125 0.38210700457049307
0.127 0.4004445962594201
0.129 0.4339351965302315
0.131 0.47771211998444096
0.133 0.5110893121861894
0.135 0.5555938787170578
0.137 0.5916167895983133
0.139 0.6217924931423514
0.141 0.6508362291895928
0.143 0.6857581660836094
0.145 0.7254221099399376
0.147 0.7675549685917057
0.149 0.7959837652334067
0.151 0.8055656904723141
0.153 0.8269314889246067
0.155 0.8712543207857965
0.157 0.9147501894601541
0.159 0.9418399256093783
0.161 0.9968026884221004
0.163 1.0577641041301056
0.165 1.1498239846894316
0.167 1.3248091132639281
0.169 1.4828605152528676
0.171 1.5434760715701277
0.173 1.640713981419405
0.175 1.7389105768711344
0.177 1.8120446934578835
0.179 1.8322559836791559
0.181 1.8468546310787262
0.183 1.8398719342549896
0.185 1.8432882642857695
0.187 1.826320726598877
0.189 1.7922968970840862
0.191 1.7700865254963492
0.193 1.7540551326776848
0.195 1.697503952500136
0.197 1.6580478060374328
0.199 1.5668909636429438
0.201 1.5006296578005904
0.203 1.4379572594854173
0.205 1.3923319958248643
0.207 1.337979241632071
0.209 1.269124342558103
0.211 1.216457212646476
0.213 1.180970348600978
0.215 1.1558902597873857
0.217 1.1352182933104165
0.219 1.1135362201810475
0.221 1.091454049019208
0.223 1.0925190987112778
0.225 1.1095126991221165
0.227 1.1559888754996144
0.229 1.228992678466633
0.231 1.2479043544803199
0.233 1.231717289715923
0.235 1.1973412612288867
0.237 1.2107065078276538
0.239 1.2088109729590293
0.241 1.1960979988568607
0.243 1.171744848721983
0.245 1.1248608259346249
0.247 1.0533109003250352
0.249 1.0012601186148378
0.251 0.9435100531357659
0.253 0.892014337005827
0.255 0.8436412169638156
0.257 0.8138170079940784
0.259 0.7728337267877191
0.261 0.702115695150573
0.263 0.6363925493378106
0.265 0.5842889377817764
0.267 0.5389531816764089
0.269 0.4940111840220118
0.271 0.4491051106627837
0.273 0.406639776181216
0.275 0.3679274739478948
0.277 0.333289409425508
0.279 0.30092795905971526
0.281 0.2751667174338005
0.283 0.2536184799138848
0.285 0.2344391326812914
0.287 0.21935797268974502
0.289 0.20739799999023703
0.291 0.20244537804252277
0.293 0.19512104821570822
0.295 0.19175754803076503
0.297 0.18663164418870604
0.299 0.18162548799721046
0.301 0.17920376786405134
0.303 0.17893116585953345
0.305 0.1780302408885298
0.307 0.17526477455845924
0.309 0.17638688048403295
0.311 0.1753429627302977
0.313 0.1758909843311115
0.315 0.17789640527907657
0.317 0.17814857974320425
0.319 0.17983349962642606
0.321 0.18112677425251103
0.323 0.182951164928742
0.325 0.1854419160604612
0.327 0.189746491899244
0.329 0.19741456792297002
0.331 0.20715146070966528
0.333 0.21525696785692003
0.335 0.22170432224284362
0.337 0.22997888489677615
0.339 0.24030183677328767
0.341 0.2536255238933297
0.343 0.27055572848916426
0.345 0.2899661182475506
0.347 0.3114016520963478
0.349 0.33671841861928886
0.351 0.3696462049324522
0.353 0.40991593102104235
0.355 0.45448389336691486
0.357 0.5025970905674092
0.359 0.5586678713468153
0.361 0.6222876848973283
0.363 0.6926915550512316
0.365 0.7710558263758246
0.367 0.8623105800845977
0.369 0.9512330721991621
0.371 1.043908596561973
0.373 1.1335221030600828
0.375 1.2265301032526934
0.377 1.331987632716233
0.379 1.4425118965944943
0.381 1.566147823811506
0.383 1.7074028568140642
0.385 1.8660614498311547
0.387 2.014886647543155
0.389 2.1644549850865924
0.391 2.3266729009171945
0.393 2.5258463505075577
0.395 2.7264011244670674
0.397 2.91453172748165
0.399 3.106394230806144
0.401 3.3109626642533616
0.403 3.5102403647395097
0.405 3.739130250414103
0.407 4.004541760714652
0.409 4.291330339834604
0.411 4.591170708468026
0.413 4.936272871422643
0.415 5.277452242224392
0.417 5.591007943234993
0.419 5.958109862791944
0.421 6.33921028269976
0.423 6.7085352821695245
0.425 7.107244946291664
0.427 7.561773216729081
0.429 8.03988473034805
0.431 8.510851535616046
0.433 9.059610641077711
0.435 9.612040364228116
0.437 10.118930760267197
0.439 10.663345843605187
0.441 11.16615214036211
0.443 11.621474267282968
0.445 12.021200377639008
0.447 12.353688182203685
0.449 12.590170068924
0.451 12.691866817761904
0.453 12.65521065312855
0.455 12.410678202300652
0.457 12.005364807448911
0.459 11.476966324572752
0.461 10.873639623545225
0.463 10.244253720561263
0.465 9.513811366470941
0.467 8.824095188337237
0.469 8.151898091480964
0.471 7.418675478703736
0.473 6.6834720989066
0.475 5.903476758217244
0.477 5.1624684349595595
0.479 4.482894882828579
0.481 3.8433832593925636
0.483 3.2477049112463168
0.485 2.7439124573671068
0.487 2.3253148216802164
0.489 1.9906377483040614
0.491 1.7307797113978778
0.493 1.5248954625903515
0.495 1.3620520413850417
0.497 1.2304000655597254
0.499 1.1399222627837255
0.501 1.0618904672889322
0.503 0.989399466025503
0.505 0.9331856924633652
0.507 0.8711782458077915
0.509 0.817986339427519
0.511 0.7722997931457952
0.513 0.7279311754182135
0.515 0.6875832611577849
0.517 0.6587247817699445
0.519 0.6282581618748317
0.521 0.6072184996708383
0.523 0.5821560208058584
0.525 0.5568695433945304
0.527 0.5310146168419985
0.529 0.5105603093298768
0.531 0.4902743529264885
0.533 0.46896067992208823
0.535 0.45644423284643254
0.537 0.44383057885443716
0.539 0.43474948055406276
0.541 0.42394683367735303
0.543 0.40033189258830154
0.545 0.3757970077837452
0.547 0.35117618642996096
0.549 0.3303774283229834
0.551 0.3142960232502602
0.553 0.29827871839048564
0.555 0.2866420643474989
0.557 0.2737318588208729
0.559 0.2579251689465011
0.561 0.2447803989043597
0.563 0.23284860212263134
0.565 0.22207553995959023
0.567 0.2112052708802094
0.569 0.19980247695479356
0.571 0.19246687676086718
0.573 0.186292828777406
0.575 0.17901358041903886
0.577 0.1716836154086684
0.579 0.1637711132982041
0.581 0.15580225935218056
0.583 0.14959792225710628
0.585 0.1437633940828896
0.587 0.13441251136977528
0.589 0.12514897400177777
0.591 0.11621439047385744
0.593 0.10854138366451999
0.595 0.10146007112855475
0.597 0.09640601587683381
0.599 0.09111176092604155
0.601 0.08329717012986146
0.603 0.07597424909893591
0.605 0.07085468483837733
0.607 0.06416853954927139
0.609 0.060198552734121676
0.611 0.05687027244640301
0.613 0.05381459416320225
0.615 0.051760569757067304
0.617 0.04988757562266647
0.619 0.047182687515822094
0.621 0.04355715129552835
0.623 0.04106921775558711
0.625 0.03916593450957318
0.627 0.036525146615677455
0.629 0.034690189970279124
0.631 0.03324053900051722
0.633 0.03215083538039007
0.635 0.030954767670644822
0.637 0.028514733190928957
0.639 0.026196559555609986
0.641 0.02493286964319363
0.643 0.023517029774767276
0.645 0.022498470347033693
0.647 0.021584161815084733
0.649 0.020574759560629527
0.651 0.019542112174006126
0.653 0.01862780364205717
0.655 0.017930449677011354
0.657 0.016888645117109573
0.659 0.016371617025853383
0.661 0.015634112377971597
0.663 0.015038896114876936
0.665 0.014658521224851945
0.667 0.01408866328775895
0.669 0.013859029557854974
0.671 0.01331875633443059
0.673 0.012848218507510787
0.675 0.012635490328274589
0.677 0.012497428331154407
0.679 0.012075493962404463
0.681 0.011928274792005903
0.683 0.01143871822058485
0.685 0.010794194101375838
0.687 0.010671628859034454
0.689 0.010187003073224836
0.691 0.009951029761820444
0.693 0.009367083865837634
0.695 0.009252971398830136
0.697 0.00878806875546626
0.699 0.008518284342726314
0.701 0.008228776787540625
0.703 0.007996325465858687
0.705 0.007837835928348275
0.707 0.007593409841609993
0.709 0.007168657881082088
0.711 0.007128507198246117
0.713 0.006981288027847555
0.715 0.006677692513772053
0.717 0.0065642844447090475
0.719 0.006292386838135628
0.721 0.006298726419636045
0.723 0.006226877829297991
0.725 0.006086702638344337
0.727 0.005852842520773417
0.729 0.005608416434035137
0.731 0.0056873090038180975
0.733 0.005725346492820596
0.735 0.005601372454590229
0.737 0.005575309730644073
0.739 0.005444996110913289
0.741 0.005430203754078983
0.743 0.005298481338459218
0.745 0.005208318401564406
0.747 0.004941351580602421
0.749 0.00495896152921469
0.751 0.00499840781410617
0.753 0.004918810846378719
0.755 0.004856119429319044
0.757 0.004729327799310714
0.759 0.0047173530342543716
0.761 0.004841327072484739
0.763 0.004813855552649601
0.765 0.0046800199431963636
0.767 0.004684950728807798
0.769 0.0047645476965352505
0.771 0.004621554913803633
0.773 0.004632825280915485
0.775 0.004722988217810298
0.777 0.004692699106197197
0.779 0.004656070413083678
0.781 0.004648322035694281
0.783 0.004719466228087844
0.785 0.004818786338261036
0.787 0.005099136720168343
0.789 0.005086457557167511
0.791 0.005080117975667094
0.793 0.005068143210610752
0.795 0.004780748849258536
0.797 0.004498989671462248
0.799 0.004390512388010677
0.801 0.004258789972390911
0.803 0.004056627762322074
0.805 0.003898842622756152
0.807 0.004030565038375917
0.809 0.0038093840838058298
0.811 0.003862213929642634
0.813 0.0038763018885324485
0.815 0.003862213929642634
0.817 0.0038861634597553187
0.819 0.003900955816589624
0.821 0.003843899583085875
0.823 0.003860100735809162
0.825 0.00383896879747444
0.827 0.0038713711029210135
0.829 0.0037952961249160156
0.831 0.0038431951851413846
0.833 0.003986892365817492
0.835 0.003841786389252403
0.837 0.003948150478870502
0.839 0.0038608051337536524
0.841 0.0038136104714727743
0.843 0.003872779898809995
0.845 0.004053810170544111
0.847 0.004008728702096704
0.849 0.004110866404047859
0.851 0.003819950052973191
0.853 0.003943219693259067
0.855 0.0038755974905879576
0.857 0.003942515295314576
0.859 0.003886867857699809
0.861 0.004135520332105035
0.863 0.004173557821107533
0.865 0.004216526095721468
0.867 0.004151721484828321
0.869 0.0042531547888349855
0.871 0.004169331433440589
0.873 0.00426794714566929
0.875 0.00430598463467179
0.877 0.004568020670022339
0.879 0.0044222102955127586
0.881 0.004596900985746458
0.883 0.004854006235485572
0.885 0.004760321308868306
0.887 0.004788497226647935
0.889 0.0047560949212013615
0.891 0.004770182880091176
0.893 0.004869502990264368
0.895 0.0051745073002288505
0.897 0.0049885462428833
0.899 0.005275236206291024
0.901 0.005449926896524723
0.903 0.005746478431155318
0.905 0.005835232572161149
0.907 0.006094451015733735
0.909 0.005838050163939112
0.911 0.006214198666297158
0.913 0.00636212223464021
0.915 0.006648812198047934
0.917 0.0071101928516893575
0.919 0.00697635724223612
0.921 0.0070644069852974604
0.923 0.006957338497734871
0.925 0.00746309622187921
0.927 0.007682163982615824
0.929 0.007189085421472318
0.931 0.007906162528963874
0.933 0.008220324012206737
0.935 0.008611264871399089
0.937 0.008549277852283904
0.939 0.008585202147452932
0.941 0.009729144409305866
0.943 0.010080638983606737
0.945 0.0097721126839198
0.947 0.009307210040555923
0.949 0.009638981472411053
0.951 0.010404662038072469
0.953 0.01021940537867141
0.955 0.011343624498078603
0.957 0.011362643242579852
0.959 0.01247066120926376
0.961 0.011111877574341155
0.963 0.01144787539386323
0.965 0.012894708771847174
0.967 0.011803596355831045
0.969 0.010896331803326994
0.971 0.011105537992840739
0.973 0.011824023896221275
0.975 0.012720722479557967
0.977 0.01280243264111889
0.979 0.012771439131561297
0.981 0.013330026701542442
0.983 0.013597697920448916
0.985 0.013251134131759481
0.987 0.011745835724382805
0.989 0.009202959144771296
0.991 0.007462391823934719
0.993 0.004543366741965163
0.995 0.0017835355954505105
0.997 0
