intensity ch0
0.003 0
0.005 0
0.007 0
0.009 0
0.011 0
0.013 0
0.015 0
0.017 0
0.019 0
0.021 0
0.023 0
0.025 0
0.027 0
0.029 4.508146844740627e-05
0.031 0.0013003186055298747
0.033 0.002166023679308973
0.035 0.0028852139806340013
0.037 0.0036022910881255573
0.039 0.00357552396623491
0.041 0.0033698397664436185
0.043 0.0036452593627394913
0.045 0.0034177388266689876
0.047 0.0031373884447616802
0.049 0.002918320684025065
0.051 0.0032529097076581586
0.053 0.0031845831070425584
0.055 0.0033268714918296845
0.057 0.00529002856312533
0.059 0.007236984481697688
0.061 0.009186053594103518
0.063 0.008299216581989698
0.065 0.00874862247057478
0.067 0.012784822692506621
0.069 0.014043581819311543
0.071 0.017447937085035208
0.073 0.019735117210796585
0.075 0.02130662902495539
0.077 0.023405030501593253
0.079 0.025958473050372122
0.081 0.02850909800737303
0.083 0.030327149102103587
0.085 0.03267490745109117
0.087 0.03500082946379953
0.089 0.03824035561051237
0.091 0.04507865085562831
0.093 0.05429851555106738
0.095 0.06317956483520641
0.097 0.06961635325196264
0.099 0.08539486720855484
0.101 0.10066762344100269
0.103 0.1133841195328937
0.105 0.12356478302461814
0.107 0.1295141280637868
0.109 0.135797357728644
0.111 0.14282513602082797
0.113 0.15401731496084106
0.115 0.17198861971863288
0.117 0.1926028255641539
0.119 0.2382499255609862
0.121 0.29071137127282176
0.123 0.3217013588406911
0.125 0.3476844858191204
0.127 0.3666165893731976
0.129 0.3830678033667784
0.131 0.40421876044600136
0.133 0.4310513913454865
0.135 0.4779149865924543
0.137 0.5169365195234069
0.139 0.5499262928556854
0.141 0.5761954053995779
0.143 0.5925599784459864
0.145 0.5851018130097186
0.147 0.597867616957724
0.149 0.6293774502086275
0.151 0.6794030878284142
0.153 0.7214542363186214
0.155 0.7594550966280068
0.157 0.807622532470227
0.159 0.8529251818722033
0.161 0.8924665604861901
0.163 0.9289346508683638
0.165 0.9709181771558999
0.167 1.0742681479695233
0.169 1.269164493240939
0.171 1.497894480582133
0.173 1.39504181471732
0.175 1.415360173426155
0.177 1.5162510910155613
0.179 1.5367180776906837
0.181 1.4947380733928701
0.183 1.5191299654146948
0.185 1.5606978969149814
0.187 1.5813684545960616
0.189 1.5795468815116087
0.191 1.5456357556679363
0.193 1.4983297985118282
0.195 1.469505834623268
0.197 1.4788961636212736
0.199 1.4785171975271376
0.201 1.496496250662319
0.203 1.5100721122464886
0.205 1.4692839492707532
0.207 1.439567513186523
0.209 1.4204642409319348
0.211 1.39025613508245
0.213 1.3596183464868261
0.215 1.3458241215398643
0.217 1.3403537671029493
0.219 1.3009504504860827
0.221 1.2707409358407091
0.223 1.258674599051583
0.225 1.259136684103169
0.227 1.2468773422772523
0.229 1.300744061888347
0.231 1.293572586415487
0.233 1.2590641311148865
0.235 1.2138114939669689
0.237 1.2271225019240102
0.239 1.216270547191186
0.241 1.2148702040775385
0.243 1.210692419868764
0.245 1.178688099260828
0.247 1.1287392410169907
0.249 1.082749803619136
0.251 1.0535877287172202
0.253 1.0179761862355472
0.255 0.9759729368055653
0.257 0.9362984269800698
0.259 0.9005410741238872
0.261 0.8543029842516272
0.263 0.8084121625660011
0.265 0.7630630228996883
0.267 0.7123977919463041
0.269 0.6666147431461851
0.271 0.6238704670785991
0.273 0.5763165618460303
0.275 0.536894930882607
0.277 0.4991075031504022
0.279 0.45908642953621726
0.281 0.4179756523019052
0.283 0.3825789511933019
0.285 0.3512945252846354
0.287 0.32459291240282556
0.289 0.29991996560114903
0.291 0.27751658897662157
0.293 0.25921210399108563
0.295 0.24359912355144875
0.297 0.23401719831254145
0.299 0.22163951763195047
0.301 0.2180618804718821
0.303 0.21040577921321243
0.305 0.20391686534856387
0.307 0.2029891732556696
0.309 0.20394011048073207
0.311 0.20184663978970566
0.313 0.20159305652968898
0.315 0.20118098373216192
0.317 0.20201358210254994
0.319 0.20811507709772858
0.321 0.20959853916882606
0.323 0.20912025296451686
0.325 0.20923225223769087
0.327 0.20848347722269725
0.329 0.2107347330532896
0.331 0.21429053387707875
0.333 0.22016028194851994
0.335 0.22251931066461939
0.337 0.22633503432992563
0.339 0.2300514378850587
0.341 0.23870778422490518
0.343 0.247453589103702
0.345 0.25880003119355854
0.347 0.27065997938494885
0.349 0.2859595027392874
0.351 0.2979603305195758
0.353 0.319014080682459
0.355 0.34882490609125094
0.357 0.3946347220132606
0.359 0.452348158799219
0.361 0.5198379346567642
0.363 0.5860752909690048
0.365 0.6632209538496288
0.367 0.7708459157883664
0.369 0.9056240096913323
0.371 1.0235148672730776
0.373 1.127991874797886
0.375 1.2575996877882902
0.377 1.3948276777421948
0.379 1.5304806338922183
0.381 1.6639654531690993
0.383 1.7877309896078972
0.385 1.9359729458218589
0.387 2.117204675368099
0.389 2.2912691558291463
0.391 2.461888425943689
0.393 2.6671330814176177
0.395 2.8720494874494142
0.397 3.0334024026041817
0.399 3.188443912176312
0.401 3.3918071207405065
0.403 3.6302338501855598
0.405 3.8464466860531537
0.407 4.092830294679175
0.409 4.324362377043553
0.411 4.596640358506996
0.413 4.991742800755399
0.415 5.352862268569791
0.417 5.713848605172674
0.419 6.066851295472699
0.421 6.542511504244839
0.423 6.953022651528976
0.425 7.288209004618998
0.427 7.7217863669934275
0.429 8.33601362621195
0.431 8.97191521018245
0.433 9.535819575848608
0.435 10.040406590609205
0.437 10.66358463450837
0.439 11.211540021915368
0.441 11.756191782962707
0.443 12.24526513739384
0.445 12.831115021020608
0.447 13.322272688969488
0.449 13.852316645443977
0.451 13.94231968400539
0.453 13.683291427877817
0.455 13.239182611835306
0.457 12.610944877500865
0.459 12.007603384116504
0.461 11.244421317964196
0.463 10.470702867358197
0.465 9.639904938116281
0.467 8.753478590004098
0.469 8.056905802278722
0.471 7.223359312257403
0.473 6.371333646560315
0.475 5.408187796323926
0.477 4.5650128907993635
0.479 3.7721813063675524
0.481 2.987348864993378
0.483 2.3672011410514124
0.485 1.9055669041499723
0.487 1.580161820917149
0.489 1.3374072705011446
0.491 1.1802434099222634
0.493 1.079823030159777
0.495 0.9676920345701323
0.497 0.8910190227102617
0.499 0.8172439039940258
0.501 0.7826706440825321
0.503 0.7415387349098853
0.505 0.69510059602139
0.507 0.6645994606269972
0.509 0.6309884083076778
0.511 0.6021757147862292
0.513 0.5852441013945058
0.515 0.565716781577334
0.517 0.5393673676677695
0.519 0.5227604817284561
0.521 0.5099827030153945
0.523 0.49483885160678837
0.525 0.4811347895967214
0.527 0.47138733084085876
0.529 0.4560638579564076
0.531 0.4396668826045525
0.533 0.41977398025419
0.535 0.4087755107489119
0.537 0.39451145237297475
0.539 0.3812715886083271
0.541 0.3590830533568693
0.543 0.3503358396821835
0.545 0.3409532590615671
0.547 0.32942156031230946
0.549 0.3032996669388155
0.551 0.2786161541679716
0.553 0.2603398451002153
0.555 0.23920297597988216
0.557 0.22651676899960424
0.559 0.21529148335620008
0.561 0.20578915508502021
0.563 0.19591560909709377
0.565 0.18803691808796502
0.567 0.1766644132741623
0.569 0.16834829114150482
0.571 0.16189811916380328
0.573 0.15528734445475784
0.575 0.14881956252844403
0.577 0.14158187364880184
0.579 0.13487037003369423
0.581 0.13015231260149537
0.583 0.11981175077637156
0.585 0.11157240801966357
0.587 0.1016009507174529
0.589 0.09114768522121057
0.591 0.0809550469644298
0.593 0.07184577274627578
0.595 0.06775603828056265
0.597 0.06544138663496613
0.599 0.061258671640580215
0.601 0.056135585390299184
0.603 0.05203387615952971
0.605 0.04933251004240778
0.607 0.04615849290453258
0.609 0.04310422341722081
0.611 0.040622629458779994
0.613 0.03643568807672714
0.615 0.03289961039538371
0.617 0.029197294799140468
0.619 0.026377589827344103
0.621 0.02418057263847754
0.623 0.022297012534909344
0.625 0.02127070472978636
0.627 0.018635552019446566
0.629 0.016332875138906394
0.631 0.014950141973871104
0.633 0.014338724558053156
0.635 0.014288712303994316
0.637 0.013801973324351225
0.639 0.013145474440085871
0.641 0.01244318968942862
0.643 0.012128323808241267
0.645 0.011628905665597345
0.647 0.011362643242579852
0.649 0.01118583935851268
0.651 0.01102875861689125
0.653 0.010153896369833772
0.655 0.010303228734065804
0.657 0.01085406792665755
0.659 0.012605905614605978
0.661 0.010654018910422185
0.663 0.009464290782177354
0.665 0.008923313160808478
0.667 0.008800043520522601
0.669 0.008324574907991364
0.671 0.00810691594314373
0.673 0.008337958468936688
0.675 0.008587315341286404
0.677 0.008410511457219232
0.679 0.008783842367799315
0.681 0.008655641941902003
0.683 0.008261179092987198
0.685 0.008443618160610296
0.687 0.007910388916630819
0.689 0.007183450237916392
0.691 0.006503706221482845
0.693 0.0061071301787345685
0.695 0.005911307550166147
0.697 0.005877496448830593
0.699 0.005769723563323512
0.701 0.005831006184494204
0.703 0.005067438812666261
0.705 0.005306934113793107
0.707 0.005309047307626579
0.709 0.00494980435593631
0.711 0.004751868533534417
0.713 0.004648322035694281
0.715 0.004653957219250207
0.717 0.004877251367653766
0.719 0.004922332836101172
0.721 0.004808924767038166
0.723 0.004866685398486405
0.725 0.00468565512675229
0.727 0.0045095556406296085
0.729 0.004534209568686783
0.731 0.00466734078019553
0.733 0.004930785611435061
0.735 0.0049695274983820505
0.737 0.0046729759637514565
0.739 0.004858232623152516
0.741 0.004740598166422565
0.743 0.004979389069604921
0.745 0.005106885097557742
0.747 0.005018130956551911
0.749 0.004889930530654599
0.751 0.00462789449530405
0.753 0.004713831044531918
0.755 0.004661705596639604
0.757 0.005161123739283527
0.759 0.005070256404444224
0.761 0.005449222498580233
0.763 0.004652548423361225
0.765 0.004347544113396743
0.767 0.004350361705174705
0.769 0.004507442446796136
0.771 0.004407417938678454
0.773 0.004358110082564103
0.775 0.0044722225495716
0.777 0.0045511151193545615
0.779 0.004366562857897991
0.781 0.0045011028652957195
0.783 0.004578586639189699
0.785 0.0043764244291208615
0.787 0.004478562131072016
0.789 0.004416575111956833
0.791 0.004437002652347064
0.793 0.0042672427477248
0.795 0.004407417938678454
0.797 0.004782157645147518
0.799 0.004649026433638771
0.801 0.004571542659744792
0.803 0.004162287453995682
0.805 0.004358110082564103
0.807 0.004427141081124194
0.809 0.004259494370335402
0.811 0.00456942946591132
0.813 0.003977735192539113
0.815 0.004227796462833319
0.817 0.004036200221931843
0.819 0.004000275926762816
0.821 0.004322890185339567
0.823 0.004479266529016508
0.825 0.004143268709494432
0.827 0.004386990398288223
0.829 0.004621554913803633
0.831 0.003997458334984853
0.833 0.004565907476188866
0.835 0.0046757935555294195
0.837 0.004332047358617946
0.839 0.004654661617194697
0.841 0.0049321944073240425
0.843 0.004232727248444755
0.845 0.004556750302910487
0.847 0.005296368144625746
0.849 0.004615215332303217
0.851 0.004103822424602952
0.853 0.004613102138469744
0.855 0.0045454799357986355
0.857 0.004529278783075349
0.859 0.004853301837541082
0.861 0.004944169172380384
0.863 0.004688472718530252
0.865 0.005124495046170009
0.867 0.004817377542372055
0.869 0.005236494319344034
0.871 0.00556333496558773
0.873 0.0051759160961178325
0.875 0.0054668324471925005
0.877 0.005947936243279665
0.879 0.005384417887687086
0.881 0.006317040766192804
0.883 0.005468945641025973
0.885 0.0049653011107151064
0.887 0.0052590350535677375
0.889 0.0058549557146068895
0.891 0.005379487102075651
0.893 0.004528574385130858
0.895 0.005661950677816431
0.897 0.005186482065285193
0.899 0.005558404179976295
0.901 0.00491106246898932
0.903 0.006169117197849751
0.905 0.007429989518488146
0.907 0.00622546903340901
0.909 0.005461197263636575
0.911 0.006874923938229456
0.913 0.007577913086831198
0.915 0.004771591675980158
0.917 0.006335355112749562
0.919 0.005593624077200831
0.921 0.005794377491380687
0.923 0.007127802800301626
0.925 0.008375995957939187
0.927 0.006915074621065428
0.929 0.005907785560443694
0.931 0.006423404855810903
0.933 0.0050110869771070035
0.935 0.005127312637947972
0.937 0.005575309730644073
0.939 0.006577668005654371
0.941 0.006364235428473682
0.943 0.006239556992298824
0.945 0.006052891537008782
0.947 0.004115092791714804
0.949 0.004203142534776144
0.951 0.003188809494709503
0.953 0.0037854345536931454
0.955 0.005328066052127828
0.957 0.008249204327930857
0.959 0.01227624737658432
0.961 0.01046524026129867
0.963 0.00816467657459197
0.965 0.01012360725822067
0.967 0.010232084541672242
0.969 0.008674660686403253
0.971 0.009708012470971144
0.973 0.009727031215472394
0.975 0.007296858306979399
0.977 0.002285066931927905
0.979 0
0.981 0
0.983 0
0.985 0
0.987 0
0.989 0
0.991 0
0.993 0
0.995 0
0.997 0
