intensity ch0
0.003 0
0.005 0
0.007 0
0.009 0.0004240475625834152
0.011 0.0011030871810724721
0.013 0.0015729206100477844
0.015 0.002443556469438318
0.017 0.0032120546268776967
0.019 0.003524807314231578
0.021 0.0036797748620195367
0.023 0.003679070464075046
0.025 0.003605813077848011
0.027 0.003543826058732827
0.029 0.0032761548398263524
0.031 0.003168381954319272
0.033 0.002890849164189927
0.035 0.0027168628719007183
0.037 0.003445210346504126
0.039 0.0039897099575954545
0.041 0.0042961230634489195
0.043 0.005725346492820596
0.045 0.0067291135637198764
0.047 0.006419882866088449
0.049 0.00639170694830882
0.051 0.005939483467945776
0.053 0.006140236882125632
0.055 0.006432562029089282
0.057 0.007026369496294962
0.059 0.00831189574499053
0.061 0.0111844305626237
0.063 0.013079261033303743
0.065 0.013638553001229379
0.067 0.01593277710643566
0.069 0.02062477181468837
0.071 0.022421690971084204
0.073 0.02578026037041597
0.075 0.027550412404921155
0.077 0.031311897428501614
0.079 0.034815572804398474
0.081 0.037496511381130165
0.083 0.040002759267628155
0.085 0.045057518917293586
0.087 0.0503334595215291
0.089 0.059609676052527434
0.091 0.07263681163793886
0.093 0.0883744705137506
0.095 0.1021778526339908
0.097 0.11491336747038307
0.099 0.12046824966063692
0.101 0.12664159324615362
0.103 0.13499293527603562
0.105 0.14424872426664373
0.107 0.16171708889206915
0.109 0.18074780815837502
0.111 0.19690458381115875
0.113 0.21968270014215524
0.115 0.24213468022485254
0.117 0.2759436683665738
0.119 0.30604611452438485
0.121 0.3330703416647714
0.123 0.3670568380885043
0.125 0.3947262937460444
0.127 0.4155835168824147
0.129 0.4552467563407983
0.131 0.4966681730686308
0.133 0.5349162770565326
0.135 0.5786255783080709
0.137 0.6245614814621444
0.139 0.6468570852011648
0.141 0.6740919273269541
0.143 0.7144412503832717
0.145 0.7527097819115637
0.147 0.7999283937225549
0.149 0.8362316549857177
0.151 0.8393591818592565
0.153 0.8575213784600053
0.155 0.9046787076498257
0.157 0.9453027459044947
0.159 0.9678829264130894
0.161 1.0396857308847511
0.163 1.1131819080149687
0.165 1.2204708721341841
0.167 1.4022654156380725
0.169 1.544940514896724
0.171 1.6054722478585897
0.173 1.7247331594423694
0.175 1.8247611895497746
0.177 1.9168872835158828
0.179 1.9255112275502828
0.181 1.9515415491909929
0.183 1.9244799889595483
0.185 1.906481917079866
0.187 1.8965435664810462
0.189 1.8606199757099637
0.191 1.8089650656445702
0.193 1.7572573257333397
0.195 1.676138858445788
0.197 1.607954546214975
0.199 1.5284681689648083
0.201 1.4556017235969656
0.203 1.373408345046121
0.205 1.308594576979696
0.207 1.2608631634651157
0.209 1.1952632872926392
0.211 1.1380217971294895
0.213 1.1066993337318205
0.215 1.083445748788293
0.217 1.0771322300118225
0.219 1.0596166707241161
0.221 1.042053916774129
0.223 1.0524775975567027
0.225 1.0717034350536325
0.227 1.1212557172547213
0.229 1.1940052325637787
0.231 1.2333197950396395
0.233 1.2227193103729985
0.235 1.200671654710439
0.237 1.207692389023178
0.239 1.2096365273499723
0.241 1.198006212888486
0.243 1.1768524382174852
0.245 1.1290167738071202
0.247 1.055865751669703
0.249 1.003028861853454
0.251 0.9418702147209914
0.253 0.8846576048735659
0.255 0.8346714135386707
0.257 0.7999452992732226
0.259 0.749121578782328
0.261 0.6804322132253151
0.263 0.6145414207017639
0.265 0.5522029070122794
0.267 0.5035128078952471
0.269 0.4553446676550825
0.271 0.40770059948561904
0.273 0.3673470500416345
0.275 0.33007665040068584
0.277 0.29607395282422966
0.279 0.2699513550527912
0.281 0.2452960181997269
0.283 0.2252756198214116
0.285 0.20839754067346938
0.287 0.19996237528819297
0.289 0.19378832730473178
0.291 0.1910306093520506
0.293 0.18476358083991665
0.295 0.18049633809219184
0.297 0.1763530693826974
0.299 0.17424762392661464
0.301 0.17465687913236375
0.303 0.17284305442530012
0.305 0.1715321698506029
0.307 0.1707495837342737
0.309 0.1705065664434244
0.311 0.1707185902247161
0.313 0.1728613687718569
0.315 0.17422226560061296
0.317 0.17586139961744288
0.319 0.17878605988296836
0.321 0.18265038700644445
0.323 0.1836950091581242
0.325 0.18744240622281486
0.327 0.195442253678396
0.329 0.20426342913725332
0.331 0.21268732415541788
0.333 0.22229319892443786
0.335 0.22909838746616273
0.337 0.24049272861624468
0.339 0.25433696581726534
0.341 0.2700020717047945
0.343 0.2878367232613551
0.345 0.3131091127137933
0.347 0.3390323658669409
0.349 0.369357401775211
0.351 0.40489075608504554
0.353 0.4452915001913109
0.355 0.49174584023252965
0.357 0.5411861231604445
0.359 0.5935278212217167
0.361 0.6562854516881731
0.363 0.7275648884870783
0.365 0.7999741795889467
0.367 0.8864425492649054
0.369 0.9716458202325587
0.371 1.0596420290501178
0.373 1.1458765386085057
0.375 1.2452255290974217
0.377 1.3504639908002247
0.379 1.458222083950471
0.381 1.5861731529754328
0.383 1.737905401004346
0.385 1.889806704539937
0.387 2.053148135092002
0.389 2.2094124794957684
0.391 2.3698940543932006
0.393 2.5493683110679366
0.395 2.7446548928006
0.397 2.930016507495389
0.399 3.1363107159066095
0.401 3.3488768836155747
0.403 3.577675901955329
0.405 3.809545390935118
0.407 4.078023849885979
0.409 4.365052628705004
0.411 4.6621930400171925
0.413 4.989623971738371
0.415 5.326385358632273
0.417 5.643548985914555
0.419 5.982698986238226
0.421 6.339141956099144
0.423 6.712930020945202
0.425 7.132955471265575
0.427 7.566469437825002
0.429 7.996807274052719
0.431 8.472758399175932
0.433 8.98158870715414
0.435 9.464807105870666
0.437 9.903570950310382
0.439 10.377991418700217
0.441 10.818830419484401
0.443 11.219553252931895
0.445 11.631776791619089
0.447 11.94085604369245
0.449 12.14061203038291
0.451 12.204460068867437
0.453 12.152121188397942
0.455 11.963511594781107
0.457 11.618271369829369
0.459 11.135736941516944
0.461 10.5854028022514
0.463 10.015047560209593
0.465 9.381207749022618
0.467 8.70205824445422
0.469 8.041714756207837
0.471 7.357492177643216
0.473 6.676256246363237
0.475 5.956282654523935
0.477 5.2703779736678715
0.479 4.630247184438649
0.481 4.011095479190193
0.483 3.4363187312508194
0.485 2.9397217023745825
0.487 2.512185961170049
0.489 2.172066709274759
0.491 1.8995717732444117
0.493 1.6958232590045812
0.495 1.5152311227919386
0.497 1.3649323245800642
0.499 1.2622895693027094
0.501 1.1791593414856922
0.503 1.0964489348435915
0.505 1.0359953900535643
0.507 0.9806318248104269
0.509 0.9277470359339525
0.511 0.8774607710747042
0.513 0.8260439475145483
0.515 0.78659484503129
0.517 0.753255690318544
0.519 0.721930409329097
0.521 0.6930677035535897
0.523 0.6591136094353034
0.525 0.6243832687821883
0.527 0.5994771662608853
0.529 0.5672143316073212
0.531 0.5403795875140026
0.533 0.5170302044500241
0.535 0.49460710468305097
0.537 0.4763357264009061
0.539 0.4690064657884801
0.541 0.4629627314247497
0.543 0.4428873900067641
0.545 0.41197911260045567
0.547 0.380026917440412
0.549 0.34873333435846715
0.551 0.3303619315682046
0.553 0.31374377526177943
0.555 0.3014830246399739
0.557 0.2874507131877742
0.559 0.27546608656020904
0.561 0.26111679603298854
0.563 0.24937307350243923
0.565 0.23675237553099893
0.567 0.22454938554064166
0.569 0.21361783384009012
0.571 0.20306172624395213
0.573 0.1953210972319436
0.575 0.18841870177387898
0.577 0.18092672523627568
0.579 0.17172447048944886
0.581 0.16151140469227787
0.583 0.1550689810919657
0.585 0.15072002818268
0.587 0.1414100005503461
0.589 0.13389055249290763
0.591 0.12523913693867259
0.593 0.11712658581197292
0.595 0.10942258549307789
0.597 0.10206162697314983
0.599 0.09689134606058793
0.601 0.09162244943579732
0.603 0.08449535103344018
0.605 0.07758943358565314
0.607 0.0719500236420604
0.609 0.06673254806721762
0.611 0.06258646176594522
0.613 0.0590806731962149
0.615 0.05593342318023035
0.617 0.05331588041850282
0.619 0.051214661350086996
0.621 0.04963610555648328
0.623 0.04537449799231441
0.625 0.042840074188036786
0.627 0.040644465795059204
0.629 0.03878203762982573
0.631 0.03706401104321286
0.633 0.035667894317232246
0.635 0.03427248198919613
0.637 0.0324065318342402
0.639 0.031292878684000366
0.641 0.029391004233875417
0.643 0.027732851472544253
0.645 0.02591620917370268
0.647 0.024763814136515856
0.649 0.02337615018586913
0.651 0.02267104784343392
0.653 0.021846197850435282
0.655 0.02093822889998674
0.657 0.019929531043476025
0.659 0.018488332849048005
0.661 0.017772664537445432
0.663 0.017469773421314422
0.665 0.01706967538884369
0.667 0.016114511776114268
0.669 0.01570807416214312
0.671 0.015398139066567205
0.673 0.015036078523098972
0.675 0.014734596202856942
0.677 0.0137280115401797
0.679 0.013233524183147213
0.681 0.01270522572477917
0.683 0.012291039733418625
0.685 0.012031116891901549
0.687 0.011826137090054747
0.689 0.011580302207427486
0.691 0.011212606480403328
0.693 0.010779401744541534
0.695 0.01014333040066641
0.697 0.00976295551064142
0.699 0.009612918748464896
0.701 0.009547409739627259
0.703 0.0090508091887613
0.705 0.008764119225353575
0.707 0.008640849585067698
0.709 0.008316826530601966
0.711 0.008177355737592804
0.713 0.007807546816735174
0.715 0.007521561251271939
0.717 0.0074483038650449045
0.719 0.0073179902453141205
0.721 0.007079199342131766
0.723 0.0068608359793396415
0.725 0.006767855450666866
0.727 0.006587529576877241
0.729 0.006539630516651872
0.731 0.006158551228682391
0.733 0.006242374584076787
0.735 0.005945118651501702
0.737 0.005880314040608555
0.739 0.0058408677557170744
0.741 0.005664768269594394
0.743 0.005615460413480044
0.745 0.00548514679374926
0.747 0.005424568570523058
0.749 0.005403436632188336
0.751 0.005312569297349032
0.753 0.0051935260447301
0.755 0.005072369598277696
0.757 0.004956143937436727
0.759 0.005018130956551911
0.761 0.004952621947714273
0.763 0.004830761103317378
0.765 0.004911766866933811
0.767 0.004722283819865807
0.769 0.00481315115470511
0.771 0.004818081940316545
0.773 0.004786384032814462
0.775 0.004826534715650433
0.777 0.004845553460151683
0.779 0.004751868533534417
0.781 0.004775818063647102
0.783 0.0046757935555294195
0.785 0.004737780574644602
0.787 0.0046729759637514565
0.789 0.0046687495760845115
0.791 0.00487161618409784
0.793 0.004935716397046496
0.795 0.00482301272592798
0.797 0.005060394833221354
0.799 0.004896974510099506
0.801 0.0048518930416521
0.803 0.004702560677420067
0.805 0.004555341507021506
0.807 0.004421505897568268
0.809 0.004138337923882998
0.811 0.004036200221931843
0.813 0.003774164186581294
0.815 0.003771346594803331
0.817 0.0037903653393045805
0.819 0.0037178123510220357
0.821 0.003745283870857174
0.823 0.00377064219685884
0.825 0.0036417373730170378
0.827 0.003707246381854675
0.829 0.0037086551777436565
0.831 0.0037396486873012484
0.833 0.00369245402502037
0.835 0.003743170677023702
0.837 0.003695271616798333
0.839 0.0036980892085762954
0.841 0.0036459637606839823
0.843 0.0036938628209093514
0.845 0.003656529729851343
0.847 0.003628353812071714
0.849 0.0036163790470153715
0.851 0.0037037243921322215
0.853 0.00369245402502037
0.855 0.0037030199941877305
0.857 0.003786138951637636
0.859 0.0036840012496864812
0.861 0.003695271616798333
0.863 0.0036114482614039364
0.865 0.0036938628209093514
0.867 0.0036480769545174543
0.869 0.003717107953077545
0.871 0.0037924785331380525
0.873 0.0037967049208049966
0.875 0.003865031521420597
0.877 0.003844603981030366
0.879 0.004008728702096704
0.881 0.004078464098601286
0.883 0.0040411310075432775
0.885 0.004066489333544944
0.887 0.004217230493665959
0.889 0.0042672427477248
0.891 0.004418688305790305
0.893 0.004538435956353728
0.895 0.0043419089298408165
0.897 0.004701856279475575
0.899 0.004739893768478075
0.901 0.004895565714210524
0.903 0.005038558496942141
0.905 0.0052991857364037085
0.907 0.005412593805466715
0.909 0.005539385435475046
0.911 0.005442178519135326
0.913 0.005445700508857779
0.915 0.005526001874529722
0.917 0.00586552168377425
0.919 0.005856364510495871
0.921 0.006319858357970766
0.923 0.006729817961664367
0.925 0.006918596610787881
0.927 0.006958042895679362
0.929 0.0073997004068750444
0.931 0.00744407747737796
0.933 0.007810364408513136
0.935 0.008571818586507608
0.937 0.00796955834396804
0.939 0.008470385282500943
0.941 0.009088142279819307
0.943 0.008728194930184549
0.945 0.009568541677961982
0.947 0.010069368616494885
0.949 0.010458900679798254
0.951 0.01032788266212298
0.953 0.011976878250175762
0.955 0.011988853015232104
0.957 0.011315448580298974
0.959 0.011759219285328129
0.961 0.012710860908335096
0.963 0.012629855144718663
0.965 0.013792111753128356
0.967 0.01539320828095577
0.969 0.014113317215816126
0.971 0.014182348214376216
0.973 0.015922211137268303
0.975 0.01359206273689299
0.977 0.013741395101125023
0.979 0.015212882407166143
0.981 0.016208901100676028
0.983 0.015954613442714875
0.985 0.016898506688332444
0.987 0.01721900775307572
0.989 0.015876425270876404
0.991 0.012055770819958723
0.993 0.008890910855361905
0.995 0.0045067380488516455
0.997 0.0002944383407971222
