intensity ch0
0.003 0
0.005 0
0.007 0
0.009 0
0.011 0
0.013 0
0.015 0
0.017 0
0.019 0.0012235392295803858
0.021 0.0039636472336492985
0.023 0.004693403504141687
0.025 0.0047504597376454355
0.027 0.004694107902086178
0.029 0.0034719774683947737
0.031 0.0036804792599640277
0.033 0.003948150478870502
0.035 0.0038305160221405515
0.037 0.0032148722186556597
0.039 0.0025788008747805367
0.041 0.002263230595648693
0.043 0.002107558649916243
0.045 0.004402487153067018
0.047 0.004950508753880801
0.049 0.00548585119169375
0.051 0.008494334812613628
0.053 0.00937271904939356
0.055 0.00701509912918311
0.057 0.006613592300823398
0.059 0.007348279356927222
0.061 0.0071545699221922734
0.063 0.00812523028970049
0.065 0.012007871759733354
0.067 0.014709942274799768
0.069 0.015517182319186137
0.071 0.017709973120385757
0.073 0.021069246917662016
0.075 0.0245327716107229
0.077 0.027198213432675797
0.079 0.030468028691001733
0.081 0.03283410138654607
0.083 0.03693510621937106
0.085 0.040955809686524104
0.087 0.04222654357838537
0.089 0.04709604656864974
0.091 0.05547697331220036
0.093 0.06599856540905828
0.095 0.08010061225776256
0.097 0.09754080096540838
0.099 0.12003293173094165
0.101 0.1242360742657178
0.103 0.12983603792441903
0.105 0.1382218954535811
0.107 0.1443487487747614
0.109 0.16151422228405582
0.111 0.18047379735796812
0.113 0.19843805813631504
0.115 0.22509599834556646
0.117 0.251210143341671
0.119 0.2904655363901945
0.121 0.3208138174306328
0.123 0.3446386691071425
0.125 0.37930913593497595
0.127 0.40644465795059204
0.129 0.42682148168881967
0.131 0.4585186847929577
0.133 0.503297262124233
0.135 0.5681610424447168
0.137 0.5952366906350511
0.139 0.63648341667265
0.141 0.6645557879544387
0.143 0.6827193933510765
0.145 0.7294216814687559
0.147 0.7455516899996489
0.149 0.7836934298979327
0.151 0.8227269375939416
0.153 0.8336387661520474
0.155 0.8862488398301704
0.157 0.9283950820428839
0.159 0.9504758444088346
0.161 0.9761969353519133
0.163 1.0243059061647408
0.165 1.0995546253808512
0.167 1.2189754352980304
0.169 1.4298045576758818
0.171 1.696951000113711
0.173 1.5943004964589669
0.175 1.6944116455238218
0.177 1.809178498221751
0.179 1.7777855950296328
0.181 1.8368683814196811
0.183 1.9255041835708377
0.185 1.9494966819581363
0.187 1.9383566284660156
0.189 1.8395584771696911
0.191 1.7625064992156845
0.193 1.7874126017369876
0.195 1.7723955419583897
0.197 1.7031018029650038
0.199 1.619037543473592
0.201 1.5117598497214884
0.203 1.462273076529237
0.205 1.3686205522174175
0.207 1.3192464826962849
0.209 1.2766938028696002
0.211 1.2196108022439611
0.213 1.1674938071269814
0.215 1.1462421211416962
0.217 1.1334643424286346
0.219 1.1307869258416254
0.221 1.1179830844046175
0.223 1.0848503182896074
0.225 1.077731672662584
0.227 1.1022433123349722
0.229 1.2139671659127014
0.231 1.2621289665713655
0.233 1.2394374911875414
0.235 1.201855747655128
0.237 1.1966537688350638
0.239 1.2049959536916675
0.241 1.1890237303003404
0.243 1.1789916947749035
0.245 1.1496253444690852
0.247 1.1155888357912935
0.249 1.062870284829719
0.251 0.990043990144712
0.253 0.9437777243546723
0.255 0.8744755325859526
0.257 0.8127991529642893
0.259 0.7604320965770155
0.261 0.7103064344491111
0.263 0.6656476047683993
0.265 0.5994285628027154
0.267 0.5375148010737588
0.269 0.47034693507684594
0.271 0.41687115632494376
0.273 0.37419661565386225
0.275 0.34209579252753103
0.277 0.3103859102603922
0.279 0.2775658968327359
0.281 0.24671256246609777
0.283 0.22931182004334344
0.285 0.20673375272858227
0.287 0.19220202313373866
0.289 0.18101125298961454
0.291 0.17946509950145742
0.293 0.179913800992098
0.295 0.1769757571656272
0.297 0.17655664038865523
0.299 0.17526407016051473
0.301 0.17229221523270838
0.303 0.17080382237599948
0.305 0.1698380927941027
0.307 0.1700282802391152
0.309 0.17212245532808612
0.311 0.1706749175521577
0.313 0.17200341207546718
0.315 0.1749562482587723
0.317 0.1748033939048178
0.319 0.1764073080244232
0.321 0.17475972123225939
0.323 0.1777273497723988
0.325 0.18027022635201032
0.327 0.18253627453943697
0.329 0.18327307478937427
0.331 0.19289021992550612
0.333 0.20552148386611374
0.335 0.2112045664822649
0.337 0.22108445205169178
0.339 0.22820943726021545
0.341 0.23482866474459477
0.343 0.24423942128299084
0.345 0.2622621470907305
0.347 0.2788732594177107
0.349 0.29615143659812365
0.351 0.31945432939776575
0.353 0.35582028207798827
0.355 0.39604422230018654
0.357 0.44663408267351024
0.359 0.4880026695555059
0.361 0.5566441360522935
0.363 0.6347956791976501
0.365 0.7107988086123102
0.367 0.812633619447334
0.369 0.9069736361529765
0.371 1.0148042822915053
0.373 1.1163312712247868
0.375 1.2074014726721034
0.377 1.3139275738174354
0.379 1.4086416258316026
0.381 1.5156410823956323
0.383 1.6332628599625822
0.385 1.815239138136149
0.387 2.0037163049394207
0.389 2.1176900055518533
0.391 2.266694824739698
0.393 2.4513576766735525
0.395 2.672134306823502
0.397 2.908114662207339
0.399 3.0772561054343406
0.401 3.26669759302362
0.403 3.429183884471073
0.405 3.6384041619437077
0.407 3.874727559126512
0.409 4.139143755131495
0.411 4.48641335056131
0.413 4.8485105227226555
0.415 5.1481747918699545
0.417 5.527566342364436
0.419 5.915624100769986
0.421 6.334392200759443
0.423 6.665614906615816
0.425 6.990608621449057
0.427 7.429087889119198
0.429 7.919296028638904
0.431 8.444491614061464
0.433 9.112132665012773
0.435 9.627220139931891
0.437 10.233727197678794
0.439 10.790366402945477
0.441 11.538744137498423
0.443 12.08266966426499
0.445 12.540342367126614
0.447 12.980932011038451
0.449 13.413095646738288
0.451 13.726173061544579
0.453 13.554361245710014
0.455 13.000003585385537
0.457 12.389001059956895
0.459 11.825334076398029
0.461 11.227999688684283
0.463 10.328742732013204
0.465 9.56148008856846
0.467 8.879242503411417
0.469 8.202156180422433
0.471 7.509985175452179
0.473 6.634362178614651
0.475 5.699264045731994
0.477 4.903334519140313
0.479 4.1407209021292095
0.481 3.397257047637031
0.483 2.7631608355982604
0.485 2.3348791369705113
0.487 1.973859693664237
0.489 1.6853763330898393
0.491 1.455951104977433
0.493 1.3223655567944896
0.495 1.214443338923177
0.497 1.1194890872099386
0.499 1.0438198424209673
0.501 0.9992075030045918
0.503 0.9599964870265711
0.505 0.8864981967025202
0.507 0.8265384348715809
0.509 0.7724533518976942
0.511 0.7403729563117531
0.513 0.6991220038864875
0.515 0.6619002077037087
0.517 0.6524408477071427
0.519 0.6186628530749791
0.521 0.597521757566979
0.523 0.5706975794428278
0.525 0.5525572191783582
0.527 0.523792424717135
0.529 0.49835168415596365
0.531 0.4732455326184253
0.533 0.4566844325455039
0.535 0.4557813943806668
0.537 0.45313356250732617
0.539 0.44718773945788
0.541 0.4310267374174293
0.543 0.4063960544924222
0.545 0.36442098098022
0.547 0.333061184491493
0.549 0.3303760195270944
0.551 0.32126251892127344
0.553 0.31259842420403755
0.555 0.288340367791666
0.557 0.26602926729786686
0.559 0.24906102521302984
0.561 0.23822386283704006
0.563 0.22375200706747814
0.565 0.2137713925919891
0.567 0.20562925675162083
0.569 0.19541619095444984
0.571 0.1883891170602104
0.573 0.1793601442077283
0.575 0.1797834873723672
0.577 0.1738637270468672
0.579 0.16660913261655724
0.581 0.15436246995364153
0.583 0.1422066746255651
0.585 0.13682014354404456
0.587 0.13107296071494476
0.589 0.12108952864767773
0.591 0.11311644831398723
0.593 0.106946626718193
0.595 0.09858260552531015
0.597 0.08855056999987328
0.599 0.08405862430785593
0.601 0.07896794036302147
0.603 0.06973891849430403
0.605 0.06420375944649592
0.607 0.05964630474564095
0.609 0.05647510519954371
0.611 0.054878235059383246
0.613 0.05234874204071706
0.615 0.05092444939695682
0.617 0.04886972059287738
0.619 0.04514063787474349
0.621 0.042136380641490556
0.623 0.03980904983289321
0.625 0.0377064219685884
0.627 0.0349501128117962
0.629 0.03429079633575288
0.631 0.03394564134295243
0.633 0.031073810923263754
0.635 0.028719712992775755
0.637 0.026877007969988025
0.639 0.02455953873261355
0.641 0.02347194830631987
0.643 0.02198003345988852
0.645 0.021080517284773868
0.647 0.020561375999684203
0.649 0.01969003574234918
0.651 0.01947730756311298
0.653 0.018105140367245053
0.655 0.016908368259555315
0.657 0.01576372159975789
0.659 0.015181184499664062
0.661 0.014776860079526387
0.663 0.014622596929682917
0.665 0.014735300600801434
0.667 0.014209115336266863
0.669 0.013849872384576595
0.671 0.013050380717579625
0.673 0.012853853691066713
0.675 0.01251996906537811
0.677 0.012121984226740852
0.679 0.012021255320678678
0.681 0.012498837127043388
0.683 0.011434491832917906
0.685 0.010656132104255657
0.687 0.010413819211350848
0.689 0.010053871861716088
0.691 0.010089091758940625
0.693 0.009282556112498747
0.695 0.008969803425144866
0.697 0.00874087409318538
0.699 0.008456297323611129
0.701 0.008331618887436271
0.703 0.007968853946023549
0.705 0.007696251941505639
0.707 0.007230644900197271
0.709 0.006987627609347972
0.711 0.006886898703285798
0.713 0.0069425461409005655
0.715 0.0066072527193229815
0.717 0.006504410619427336
0.719 0.006274072491578869
0.721 0.006417769672254977
0.723 0.006081067454788412
0.725 0.005957093416558044
0.727 0.005628139576480877
0.729 0.005683787014095644
0.731 0.005685195809984625
0.733 0.005659837483982959
0.735 0.00551473150741787
0.737 0.005629548372369858
0.739 0.005503461140306019
0.741 0.005504165538250509
0.743 0.0051773248920068135
0.745 0.005080822373611585
0.747 0.0048751381738202934
0.749 0.004888521734765617
0.751 0.005016722160662929
0.753 0.004863867806708442
0.755 0.0048018807875932585
0.757 0.00466734078019553
0.759 0.004712422248642937
0.761 0.004773704869813629
0.763 0.004738484972589094
0.765 0.004658183606917151
0.767 0.0046715671678624745
0.769 0.004795541206092842
0.771 0.004576473445356227
0.773 0.004534913966631275
0.775 0.00469622109591965
0.777 0.004664523188417567
0.779 0.004632825280915485
0.781 0.0045454799357986355
0.783 0.004724397013699279
0.785 0.004985024253160847
0.787 0.005577422924477544
0.789 0.005792968695491706
0.791 0.005477398416359862
0.793 0.005145626984504732
0.795 0.004349657307230214
0.797 0.00417989740260795
0.799 0.004246110809390078
0.801 0.004169331433440589
0.803 0.0039192701631463826
0.805 0.003860100735809162
0.807 0.004001684722651797
0.809 0.0038023401043609227
0.811 0.0037896609413600895
0.813 0.0038586919399201803
0.815 0.0038016357064164317
0.817 0.0038995470207006423
0.819 0.0038544655522532363
0.821 0.0039150437754794385
0.823 0.0037896609413600895
0.825 0.0038227676447511534
0.827 0.0038643271234761064
0.829 0.0037903653393045805
0.831 0.004003093518540779
0.833 0.0040037979164852695
0.835 0.003771346594803331
0.837 0.003862213929642634
0.839 0.0038107928796948113
0.841 0.0038537611543087453
0.843 0.004054514568488601
0.845 0.0043764244291208615
0.847 0.0038586919399201803
0.849 0.0037797993701372194
0.851 0.003750214656468609
0.853 0.0039551944583154095
0.855 0.003911521785756985
0.857 0.003968578019260733
0.859 0.0038185412570842093
0.861 0.0040883256698241565
0.863 0.004249632799112532
0.865 0.0042130041059990145
0.867 0.004170740229329571
0.869 0.004026338650708973
0.871 0.004351770501063687
0.873 0.004149608290994849
0.875 0.00434543091956327
0.877 0.004536322762520256
0.879 0.0043348649503959094
0.881 0.004677906749362891
0.883 0.004780044451314046
0.885 0.004823717123872471
0.887 0.004729327799310714
0.889 0.004660296800750623
0.891 0.0047117178506984455
0.893 0.004850484245763119
0.895 0.0052132491871758405
0.897 0.004935011999102005
0.899 0.00516464572900598
0.901 0.005651384708649071
0.903 0.005704918952430365
0.905 0.005897219591276333
0.907 0.005965546191891932
0.909 0.005833823776272167
0.911 0.005930326294667397
0.913 0.0065241337618730764
0.915 0.006894647080675196
0.917 0.007626516545001057
0.919 0.0065170897824281685
0.921 0.006553718475541687
0.923 0.007450417058878377
0.925 0.007590592249832031
0.927 0.0067763082260007546
0.929 0.007869533835850357
0.931 0.007724427859285268
0.933 0.007884326192684662
0.935 0.008897250436862321
0.937 0.008235820766985534
0.939 0.009067714739429076
0.941 0.010242650510839602
0.943 0.010209543807448538
0.945 0.00827244946009905
0.947 0.009443158843842631
0.949 0.010811099652043616
0.951 0.009092368667486252
0.953 0.011407724711027259
0.955 0.01046453586335418
0.957 0.014028789462477239
0.959 0.009933419813208175
0.961 0.010241241714950621
0.963 0.01572427531486641
0.965 0.011366165232302305
0.967 0.009701672889470728
0.969 0.00993764620087512
0.971 0.013039814748412263
0.973 0.011684553103212113
0.975 0.007302493490535325
0.977 0.007596931831332447
0.979 0.017787456894279737
0.981 0.02115940985455683
0.983 0.021169975823724187
0.985 0.019432226094665574
0.987 0.017669118039605296
0.989 0.0016764671078879207
0.991 0
0.993 0
0.995 0
0.997 0
