intensity ch0
0.003 0.03851436641091926
0.005 0.041212914936263216
0.007 0.04422492054690555
0.009 0.046626213139674424
0.011 0.050143976474461095
0.013 0.053717387246862536
0.015 0.05664275191033251
0.017 0.06027110572240422
0.019 0.06396355974742458
0.021 0.06794411253174167
0.023 0.07194368406056
0.025 0.07660891164692205
0.027 0.08094659418909592
0.029 0.0857315694260214
0.031 0.09063770110939928
0.033 0.09618835691198618
0.035 0.10172915114335021
0.037 0.10765736424418414
0.039 0.11370180300585903
0.041 0.1193524833165636
0.043 0.12635279008891243
0.045 0.1327923960974466
0.047 0.14045624573350568
0.049 0.14740020067029522
0.051 0.15487597605517525
0.053 0.1632252048912238
0.055 0.17149765435132286
0.057 0.18059072741675358
0.059 0.18864340471817154
0.061 0.19740541074969165
0.063 0.20886948729627816
0.065 0.21805624528832615
0.067 0.22799459588714577
0.069 0.23853802432028293
0.071 0.24990207635875175
0.073 0.26061526469651114
0.075 0.27195254961308934
0.077 0.28420062107189403
0.079 0.2964346045718089
0.081 0.30861998461355394
0.083 0.32207328095538224
0.085 0.3345819796536485
0.087 0.3486600769722401
0.089 0.36285369555372815
0.091 0.3762379608969964
0.093 0.3911796500955336
0.095 0.4042539803432259
0.097 0.4203043919063915
0.099 0.43614207529032095
0.101 0.4509125957883469
0.103 0.46679324744689027
0.105 0.4820540289142818
0.107 0.49833477860529585
0.109 0.5144570387587996
0.111 0.5300305729135449
0.113 0.5479870853145025
0.115 0.5641487917528976
0.117 0.581124782215124
0.119 0.597487242067699
0.121 0.6148457206137838
0.123 0.631389210738093
0.125 0.6474854081676505
0.127 0.6641521679322455
0.129 0.6823390184610515
0.131 0.697678692498226
0.133 0.7154943253102853
0.135 0.7311390036574242
0.137 0.7475162558668336
0.139 0.7622719840080252
0.141 0.7785414633319275
0.143 0.7953258575532525
0.145 0.8090242843797635
0.147 0.8241751797678145
0.149 0.8387019785770466
0.151 0.8502139541838586
0.153 0.8655374270683097
0.155 0.8786723355392282
0.157 0.88996313019147
0.159 0.902912077605043
0.161 0.9144360279769113
0.163 0.9243321146990614
0.165 0.9347262107679665
0.167 0.944594121572337
0.169 0.955868010673911
0.171 0.9623357926002248
0.173 0.9701320690498482
0.175 0.9747691207184306
0.177 0.9825752587392769
0.179 0.9885112202175002
0.181 0.9942844657705461
0.183 0.9975289227028704
0.185 1.0013876146427905
0.187 1.0051293765239253
0.189 1.0064628018328463
0.191 1.0077997491314896
0.193 1.006702297133973
0.195 1.0099136473629062
0.197 1.0089894772597345
0.199 1.0065283108416838
0.201 1.0054667831393362
0.203 1.006034527882596
0.205 1.0017891214711503
0.207 0.9995427964261694
0.209 0.9959017634510968
0.211 0.9913295163934075
0.213 0.9879012115975712
0.215 0.9833416437028827
0.217 0.9782164442587682
0.219 0.9719029254822978
0.221 0.9654069676382044
0.223 0.9618455316308593
0.225 0.9547466091462818
0.227 0.9477998366177143
0.229 0.9432219543764692
0.231 0.9362455971342329
0.233 0.9298334626455339
0.235 0.9241891219163297
0.237 0.9189822123106544
0.239 0.9114113432032681
0.241 0.9084359662857393
0.243 0.901925920482756
0.245 0.898322924996686
0.247 0.8926595655229805
0.249 0.8882598959616915
0.251 0.8853880655420028
0.253 0.881916088073608
0.255 0.8791203326319244
0.257 0.8758991208317682
0.259 0.8762125779170666
0.261 0.8761019874397816
0.263 0.8759315231372149
0.265 0.8768972527191117
0.267 0.8765901352153137
0.269 0.8781496722644161
0.271 0.8826247124057657
0.273 0.8872568332887367
0.275 0.8924778308533019
0.277 0.9006460294176164
0.279 0.9075251797435128
0.281 0.9154088015382529
0.283 0.9247117851911419
0.285 0.9366463995646482
0.287 0.9496404284466686
0.289 0.961991342005369
0.291 0.977930458693305
0.293 0.9934560937878251
0.295 1.0118246789863097
0.297 1.0313780615274275
0.299 1.0498840043250879
0.301 1.0734144176608005
0.303 1.0952394835729011
0.305 1.119913134772522
0.307 1.147205033131815
0.309 1.1737812631795057
0.311 1.2048677532657701
0.313 1.2343630083954302
0.315 1.267644402476728
0.317 1.2994867115574311
0.319 1.3345967227026267
0.321 1.3719079774243557
0.323 1.4115712168827395
0.325 1.4509350872147144
0.327 1.4917162062110048
0.329 1.5352698355168108
0.331 1.578601579470102
0.333 1.6262512828231215
0.335 1.672992312827748
0.337 1.721313307421867
0.339 1.7689531492036636
0.341 1.8207151277566198
0.343 1.8735703319194257
0.345 1.9255992772933441
0.347 1.9817271143062538
0.349 2.034737990414792
0.351 2.0932509188677475
0.353 2.1523527240022973
0.355 2.205796804846697
0.357 2.2654353612149487
0.359 2.3267954661595356
0.361 2.3860254717199827
0.363 2.4449554037560763
0.365 2.5104066519622656
0.367 2.570984170790523
0.369 2.6325457335472344
0.371 2.694527117478862
0.373 2.7585132179605103
0.375 2.818613859380348
0.377 2.8811052274237867
0.379 2.944186880944709
0.381 3.0025532946252103
0.383 3.06628862943862
0.385 3.124677583853345
0.387 3.1839259037603487
0.389 3.2462122920019407
0.391 3.304233550689642
0.393 3.361115797901101
0.395 3.4148641786575213
0.397 3.471676690472476
0.399 3.523458392167878
0.401 3.5779217368379563
0.403 3.626770325492499
0.405 3.675513254455368
0.407 3.7238363622433206
0.409 3.7692432625410817
0.411 3.810679471625748
0.413 3.854872694265152
0.415 3.894516914979034
0.417 3.9316992648769213
0.419 3.965620956689761
0.421 3.998480416402309
0.423 4.0280242749901385
0.425 4.053972886469288
0.427 4.080002503712054
0.429 4.101862085123434
0.431 4.123262399075007
0.433 4.141475312327759
0.435 4.1548870491908625
0.437 4.169389194072037
0.439 4.179022540360893
0.441 4.179755818621107
0.443 4.181243507079872
0.445 4.185970721685349
0.447 4.182702315222913
0.449 4.173966371915339
0.451 4.168024070855615
0.453 4.160593376939182
0.455 4.141988114031348
0.457 4.127983978496928
0.459 4.109409004700708
0.461 4.084362726988451
0.463 4.061255656817377
0.465 4.030972884785777
0.467 4.006350654636104
0.469 3.97291147541524
0.471 3.936120066376545
0.473 3.899624504474536
0.475 3.8606903168887006
0.477 3.818246818743412
0.479 3.777948916737042
0.481 3.732208131813593
0.483 3.6811716831434618
0.485 3.630989669179998
0.487 3.5815036003856915
0.489 3.5279594950331736
0.491 3.4739997948934063
0.493 3.4201584336083135
0.495 3.3622343818369522
0.497 3.3067137358521936
0.499 3.242026759415777
0.501 3.1849388280045265
0.503 3.1225679120095955
0.505 3.058805810074295
0.507 2.9989178968336936
0.509 2.9353290767927382
0.511 2.8708886396368936
0.513 2.8085050444789617
0.515 2.741737980912464
0.517 2.6788641247851666
0.519 2.6148139240905697
0.521 2.550484781809954
0.523 2.4868198867909936
0.525 2.4207220012717623
0.527 2.3558363846149994
0.529 2.293786674082756
0.531 2.2309170443431254
0.533 2.164738857458222
0.535 2.104738240546502
0.537 2.0427364290744845
0.539 1.9779916920066196
0.541 1.921475027328351
0.543 1.8606615351886888
0.545 1.7995895290033985
0.547 1.7441195996706431
0.549 1.6852037555934392
0.551 1.6310327360703245
0.553 1.5768095910993176
0.555 1.5225941945057002
0.557 1.4733969288686346
0.559 1.4193815812912525
0.561 1.3655028869151016
0.563 1.3183307653684468
0.565 1.2690461543862646
0.567 1.2219451770320033
0.569 1.1755633899790672
0.571 1.131496958969672
0.573 1.0879151537460865
0.575 1.0485400130469995
0.577 1.005106131391757
0.579 0.9639312539444964
0.581 0.9261727065280156
0.583 0.8889283696110132
0.585 0.8516875546837331
0.587 0.8173242053596977
0.589 0.7826572605215868
0.591 0.7492061065356669
0.593 0.7175067902376954
0.595 0.6870148120165809
0.597 0.6573540233699655
0.599 0.6288252022201468
0.601 0.6009895086477068
0.603 0.5736208309124643
0.605 0.5487252943603287
0.607 0.5236846518316279
0.609 0.4994406833781463
0.611 0.4770027912543388
0.613 0.45468253358726124
0.615 0.43540597943832815
0.617 0.4135611903837818
0.619 0.39523909544963365
0.621 0.37564837981745763
0.623 0.3583399135254316
0.625 0.3420161955598036
0.627 0.32485353964228714
0.629 0.30888342944479347
0.631 0.2948652059514836
0.633 0.28033558955047344
0.635 0.26634483757699867
0.637 0.2526936054127685
0.639 0.24097876319794326
0.641 0.23058748472081614
0.643 0.2179329756480403
0.645 0.20748675413124287
0.647 0.19699333795216456
0.649 0.18718248338129778
0.651 0.17731175498514928
0.653 0.1688357345190924
0.655 0.15988072345078186
0.657 0.15263458179580577
0.659 0.1442494286645882
0.661 0.13728997697301987
0.663 0.13050380717579624
0.665 0.12334360207004805
0.667 0.11719209482081056
0.669 0.11111595815163358
0.671 0.1055948870627153
0.673 0.10035768834542677
0.675 0.09541985875454681
0.677 0.09081309619757748
0.679 0.08613871143793704
0.681 0.0815784391453041
0.683 0.07724427859285268
0.685 0.07358634006711236
0.687 0.06968467985257824
0.689 0.06602181054122648
0.691 0.06269564344734128
0.693 0.05965968830658627
0.695 0.05689703956829366
0.697 0.053847700866593316
0.699 0.051174510667251025
0.701 0.04859993618013743
0.703 0.046316278044098505
0.705 0.04430310871874402
0.707 0.04208636838743172
0.709 0.040128846499692
0.711 0.03785223234309798
0.713 0.036140545337985525
0.715 0.03452043006565686
0.717 0.03284959814132486
0.719 0.03147109136395652
0.721 0.03011653411670086
0.723 0.028453450569758263
0.725 0.027220049768955007
0.727 0.025814775869696015
0.729 0.02490046733774706
0.731 0.023853731992233843
0.733 0.02282812858505535
0.735 0.021753217321762507
0.737 0.020758607424141606
0.739 0.019845003290137136
0.741 0.01910608984636637
0.743 0.018624281652334713
0.745 0.01761347060199053
0.747 0.017045021460786514
0.749 0.0162793408951251
0.751 0.015548175828743727
0.753 0.014933236423203327
0.755 0.014509188860619911
0.757 0.014051330196700941
0.759 0.013713219183345395
0.761 0.01301727401418856
0.763 0.012674232215221579
0.765 0.01210155668635062
0.767 0.011596503360150771
0.769 0.011377435599414157
0.771 0.010987903536110788
0.773 0.010603302258418853
0.775 0.01034760580456872
0.777 0.009973570496044146
0.779 0.0098024017955329
0.781 0.009296644071388561
0.783 0.009170556839324722
0.785 0.0089444450991432
0.787 0.0086711386966808
0.789 0.008367543182605299
0.791 0.00810691594314373
0.793 0.007819521581791515
0.795 0.007549737169051569
0.797 0.007526492036883375
0.799 0.007296153909034909
0.801 0.007148934738636347
0.803 0.006998193578515333
0.805 0.006853791999894734
0.807 0.0066903716767728865
0.809 0.006574850413876408
0.811 0.00637268820380757
0.813 0.006292386838135628
0.815 0.006178274371128131
0.817 0.005897219591276333
0.819 0.005921873519333508
0.821 0.005831006184494204
0.823 0.005617573607313515
0.825 0.005587988893644905
0.827 0.005444996110913289
0.829 0.005219588768676257
0.831 0.005194934840619082
0.833 0.005187890861174175
0.835 0.0049695274983820505
0.837 0.00495966592715918
0.839 0.004820195134150017
0.841 0.004805402777315712
0.843 0.0046715671678624745
0.845 0.004590561404246042
0.847 0.0045440711399096535
0.849 0.004578586639189699
0.851 0.0043348649503959094
0.853 0.004359518878453084
0.855 0.004232727248444755
0.857 0.004201733738887162
0.859 0.004054514568488601
0.861 0.004005206712374251
0.863 0.004073533312989851
0.865 0.004015068283597121
0.867 0.003951672468592956
0.869 0.0038875722556443
0.871 0.003836855603640968
0.873 0.003700202402409768
0.875 0.0036621649134072685
0.877 0.0035360776813434295
0.879 0.0035431216607883366
0.881 0.003519172130675652
0.883 0.003524102916287087
0.885 0.0034106948472240805
0.887 0.0034113992451685715
0.889 0.0032916515946051486
0.891 0.0032226205960450578
0.893 0.0033367330630525546
0.895 0.003224029391934039
0.897 0.0030951245680922368
0.899 0.003160633576929874
0.901 0.003035250742810525
0.903 0.003081741007146913
0.905 0.002969741733972888
0.907 0.0030141188044758038
0.909 0.0028619688484658075
0.911 0.00294227021413775
0.913 0.002832384134797197
0.915 0.002898597541579325
0.917 0.0027950510437391887
0.919 0.0028443588998535393
0.921 0.002774623503348958
0.923 0.002710523290400302
0.925 0.002639379098006739
0.927 0.002634448312395304
0.929 0.0026626242301749327
0.931 0.0026527626589520625
0.933 0.0026097943843381285
0.935 0.0025689393035576665
0.937 0.002466801601606512
0.939 0.002557668936445815
0.941 0.0024858203461077615
0.943 0.002442852071493827
0.945 0.0024724367851624374
0.947 0.0023245132168193856
0.949 0.002368890287322301
0.951 0.0024069277763248006
0.953 0.0022674569833156374
0.955 0.0024034057866023466
0.957 0.0023435319613206353
0.959 0.0023611419099329035
0.961 0.0023224000229859136
0.963 0.0022484382388143877
0.965 0.0022547778203148043
0.967 0.0023125384517630435
0.969 0.0021906776073661485
0.971 0.002119533414972585
0.973 0.002119533414972585
0.975 0.002196312790922074
0.977 0.0020751563444696697
0.979 0.0020321880698557357
0.981 0.0020385276513561522
0.983 0.0020561375999684204
0.985 0.0020533200081904574
0.987 0.0020385276513561522
0.989 0.002087835507470503
0.991 0.0020202133047993935
0.993 0.002051911212301476
0.995 0.001983584611685876
0.997 0.0019716098466295334
