intensity ch0
0.003 0
0.005 0
0.007 0
0.009 0
0.011 0
0.013 0
0.015 0
0.017 0
0.019 0
0.021 0
0.023 0
0.025 0
0.027 0
0.029 0
0.031 0
0.033 0
0.035 0
0.037 0
0.039 0
0.041 0
0.043 0
0.045 0
0.047 0
0.049 0
0.051 0
0.053 0
0.055 0
0.057 0
0.059 0
0.061 0
0.063 0
0.065 0
0.067 0
0.069 0
0.071 0
0.073 0
0.075 0
0.077 0
0.079 0
0.081 5.598587700266731e-05
0.083 7.931332575377869e-05
0.085 9.564253987955666e-05
0.087 0.00010264077450489007
0.089 9.79752847546678e-05
0.091 0.0002939258542640034
0.093 0.0005038728930240058
0.095 0.0006251756265297849
0.097 0.0005108711276493392
0.099 0.000846786389665343
0.101 0.0009727546129213445
0.103 0.0010217422552986784
0.105 0.0016539161164537968
0.107 0.0020201570618462454
0.109 0.0024143909457400277
0.111 0.0032075242032778145
0.113 0.004443878987086718
0.115 0.0064803652630587415
0.117 0.010219755297861895
0.119 0.012351884113713475
0.121 0.022765257236209594
0.123 0.03456194806964662
0.125 0.049923073072253465
0.127 0.07894941755326135
0.129 0.13464370144653978
0.131 0.19045928807332396
0.133 0.2165673687155678
0.135 0.2442523848933868
0.137 0.27221733045621915
0.139 0.33477921526182475
0.141 0.388749600692396
0.143 0.43866567553002417
0.145 0.49098214484414165
0.147 0.5098143942209139
0.149 0.5518644533396673
0.151 0.649606463606824
0.153 0.7479479893068841
0.155 0.8841686262889991
0.157 1.0462150817834694
0.159 1.235263059207351
0.161 1.3697901234101353
0.163 1.5378853863657689
0.165 1.7805235118055787
0.167 1.9514857182127237
0.169 2.0392155874759035
0.171 2.0831738319024975
0.173 2.0355205195937276
0.175 1.9411773186096077
0.177 1.8962346558457164
0.179 1.7451054463667663
0.181 1.5740126062466149
0.183 1.4435585145957748
0.185 1.294682736666182
0.187 1.13900234193589
0.189 0.982799412353573
0.191 0.8128916066299783
0.193 0.6680351481202019
0.195 0.5680280425793123
0.197 0.5125343747452934
0.199 0.46327613396244666
0.201 0.4499701571948127
0.203 0.4623640307162782
0.205 0.4823020011638531
0.207 0.5525642768022005
0.209 0.6503856003951111
0.211 0.8087253242830298
0.213 1.0773292329277018
0.215 1.4175507419831608
0.217 1.645103006315627
0.219 1.7316291792232492
0.221 1.7335863521734676
0.223 1.7332364404422007
0.225 1.7551969006964971
0.227 1.7755734271805927
0.229 1.802087405431106
0.231 1.7684702190358794
0.233 1.6865488845117265
0.235 1.5899312572743733
0.237 1.5076763402330795
0.239 1.392011851090444
0.241 1.3080680267595697
0.243 1.228943653340675
0.245 1.158084195014299
0.247 1.058739589017941
0.249 0.952130815480487
0.251 0.8608225155788868
0.253 0.7729176904500737
0.255 0.7174590137891815
0.257 0.6500216921945937
0.259 0.5756491200863004
0.261 0.5076799326601872
0.263 0.4475557662490727
0.265 0.3933404426066147
0.267 0.34484967488767954
0.269 0.3040243068283595
0.271 0.2669383288038426
0.273 0.23534129947046226
0.275 0.21531935020738335
0.277 0.2004784273119263
0.279 0.1884181363076017
0.281 0.17458029370844244
0.283 0.1637633557225521
0.285 0.15728765594924357
0.287 0.15041305680229106
0.289 0.14563559529806344
0.291 0.14115672513785008
0.293 0.13747332098004958
0.295 0.13340967940760598
0.297 0.1300225338489446
0.299 0.12771311642258457
0.301 0.12648375987340102
0.303 0.12372178994126942
0.305 0.12403904324428454
0.307 0.12395739717365564
0.309 0.12208653578381651
0.311 0.1239270714902792
0.313 0.12275136807322319
0.315 0.12179727541930273
0.317 0.12240845457658185
0.319 0.12248543515746052
0.321 0.12266505651284408
0.323 0.12466421887081432
0.325 0.12367280229889209
0.327 0.12410202735591254
0.329 0.12737720116056858
0.331 0.12443560987305342
0.333 0.1260615330510059
0.335 0.12599155070475257
0.337 0.12794172542034546
0.339 0.12848758772112148
0.341 0.13048441733421662
0.343 0.13077367769873038
0.345 0.1323062910816784
0.347 0.1324299265600593
0.349 0.13469968732354243
0.351 0.13683181613939402
0.353 0.13827811796196293
0.355 0.14221579131115053
0.357 0.14423361562812165
0.359 0.14641939757610078
0.361 0.1530373947867911
0.363 0.15538180338627777
0.365 0.16060481916165162
0.367 0.16741643419697613
0.369 0.17395045259216244
0.371 0.18184212850466341
0.373 0.18798424576083106
0.375 0.19973428169676585
0.377 0.2098420652406224
0.379 0.22574671979913014
0.381 0.24491721718279347
0.383 0.26937371445345865
0.385 0.29783786741956475
0.387 0.32565351731038994
0.389 0.3692875101993438
0.391 0.42421198828383555
0.393 0.4970822726925573
0.395 0.5898695328449779
0.397 0.711424202797269
0.399 0.8243967043540263
0.401 0.9623272433295977
0.403 1.120785937206147
0.405 1.3136386215213351
0.407 1.5182133488339566
0.409 1.7617099243878074
0.411 2.037766952908459
0.413 2.3537955648641407
0.415 2.716922295848316
0.417 3.1287544070799367
0.419 3.565024353623222
0.421 4.126625684071603
0.423 4.750991848129725
0.425 5.522752497121743
0.427 6.369786157743848
0.429 7.297717077889931
0.431 8.33747278911422
0.433 9.466353351037002
0.435 10.692770641677932
0.437 11.907762147920566
0.439 13.169417882644925
0.441 14.362427933929387
0.443 15.585129161984264
0.445 16.567114446376426
0.447 17.286796566031587
0.449 17.862681293350274
0.451 18.213866703318754
0.453 18.20128154471753
0.455 17.913551460841823
0.457 17.410896260642623
0.459 16.787388546698544
0.461 15.951106507205827
0.463 14.99393229730535
0.465 13.943100713414035
0.467 12.855449084413966
0.469 11.660815442696427
0.471 10.308810166214139
0.473 8.951315941040713
0.475 7.594731486368582
0.477 6.282042292011417
0.479 5.095687561855646
0.481 4.097102464932196
0.483 3.297957723851248
0.485 2.622779710923456
0.487 2.1050456478515396
0.489 1.723247626886975
0.491 1.433614023193176
0.493 1.2068898832913744
0.495 1.0426949697669265
0.497 0.943126420262558
0.499 0.8673565339740731
0.501 0.8098123833948315
0.503 0.7678159774082057
0.505 0.7398183734171219
0.507 0.7066327448237908
0.509 0.6643750714111525
0.511 0.6285394446396952
0.513 0.5925475239616055
0.515 0.5717021157576123
0.517 0.5435038957072689
0.519 0.5135351222967162
0.521 0.4765401213223286
0.523 0.4469282578776678
0.525 0.43064569864939206
0.527 0.4007585713094682
0.529 0.3708761094592945
0.531 0.3438325981221311
0.533 0.3227282552370006
0.535 0.31265079737652046
0.537 0.3215455535853193
0.539 0.353947379900613
0.541 0.35824896145031787
0.543 0.30185018860475593
0.545 0.2638054524365684
0.547 0.18278455743420832
0.549 0.13953546744964782
0.551 0.12255541750371385
0.553 0.10129478071195094
0.555 0.09188915337550284
0.557 0.08528048714431298
0.559 0.08100223304335916
0.561 0.0740156621424013
0.563 0.0701013162419648
0.565 0.06253389186710427
0.567 0.05739252216235933
0.569 0.054397277742716625
0.571 0.04934221959835079
0.573 0.047441032525135214
0.575 0.043941915212468506
0.577 0.04212703969963204
0.579 0.04044513064467691
0.581 0.03519878742055196
0.583 0.03019504966343857
0.585 0.02851547335335855
0.587 0.0269338723280332
0.589 0.023682025972128273
0.591 0.02246433314732026
0.593 0.020836077224492683
0.595 0.019499414411054003
0.597 0.018216404729742876
0.599 0.018027452394858874
0.601 0.017085023465313973
0.603 0.016984715435684195
0.605 0.01578335182500196
0.607 0.015536080868240178
0.609 0.015258484228101953
0.611 0.014866583089083282
0.613 0.01391715592491305
0.615 0.013415615776764154
0.617 0.012088283942825916
0.619 0.011948319250319249
0.621 0.011491101254797466
0.623 0.01139779145979302
0.625 0.01067930603825879
0.627 0.010338725286492564
0.629 0.010054130411729005
0.631 0.009974817085975226
0.633 0.009568919477705887
0.635 0.009524597325078776
0.637 0.009375301653071664
0.639 0.009370636163321441
0.641 0.009172352848936994
0.643 0.008911085422924547
0.645 0.008698805639289433
0.647 0.008414210764525875
0.649 0.008439870958152096
0.651 0.008414210764525875
0.653 0.008260249602768539
0.655 0.008208929215516095
0.657 0.008145945103888094
0.659 0.007922001595877423
0.661 0.007562758885110309
0.663 0.007642072210864088
0.665 0.007413463213103196
0.667 0.007261834796220972
0.669 0.007380804784851641
0.671 0.007385470274601863
0.673 0.007245505582095194
0.675 0.006986570900957858
0.677 0.0067649601378223
0.679 0.006942248748330746
0.681 0.006960910707331636
0.683 0.006666984853067632
0.685 0.006599335251689409
0.687 0.0066529883838169655
0.689 0.006373058998803628
0.691 0.00664132465944141
0.693 0.006345066060302295
0.695 0.006617997210690298
0.697 0.006963243452206747
0.699 0.006515356436185408
0.701 0.006142117256167626
0.703 0.006261087244798294
0.705 0.00627275096917385
0.707 0.006207434112670738
0.709 0.006391720957804518
0.711 0.006307742142300517
0.713 0.005789872780025844
0.715 0.005400304385882284
0.717 0.005267337928000949
0.719 0.0053816424268813955
0.721 0.005160031663745837
0.723 0.005369978702505839
0.725 0.005199688326622726
0.727 0.005456290262884952
0.729 0.005195022836872504
0.731 0.00518569185737206
0.733 0.00518569185737206
0.735 0.005164697153496059
0.737 0.0051040457867431695
0.739 0.005218350285623615
0.741 0.005358314978130284
0.743 0.004966413839111613
0.745 0.004782126993977833
0.747 0.004520859567965385
0.749 0.004411220558835162
0.751 0.004457875456337385
0.753 0.004621167597595164
0.755 0.004497532119214274
0.757 0.004427549772960939
0.759 0.004525525057715607
0.761 0.004581510934718275
0.763 0.004432215262711162
0.765 0.0041546186225729365
0.767 0.004210604499575604
0.769 0.004240930182952049
0.771 0.004114961959696047
0.773 0.004215269989325826
0.775 0.004376229385708494
0.777 0.00416161685719827
0.779 0.0041312911738218255
0.781 0.00414062215332227
0.783 0.00426425763170316
0.785 0.004212937244450715
0.787 0.0041546186225729365
0.789 0.004208271754700493
0.791 0.004245595672702271
0.793 0.0043062470394551605
0.795 0.004408887813960051
0.797 0.004415886048585384
0.799 0.004336572722831606
0.801 0.00455118525134183
0.803 0.004539521526966275
0.805 0.0047308066067253875
0.807 0.004842778360730722
0.809 0.004712144647724499
0.811 0.004754134055476499
0.813 0.004576845444968052
0.815 0.004336572722831606
0.817 0.004322576253580938
0.819 0.004245595672702271
0.821 0.003944671583812934
0.823 0.003664742198799598
0.825 0.0033918110484115944
0.827 0.003534108485793374
0.829 0.0035131137819173737
0.831 0.003450129670289373
0.833 0.0035457722101689296
0.835 0.003517779271667596
0.837 0.0035924271076711524
0.839 0.0035504376999191518
0.841 0.003718395330927154
0.843 0.0036087563217969305
0.845 0.0035457722101689296
0.847 0.003585428873045819
0.849 0.003807039636181377
0.851 0.003709064351426709
0.853 0.0039306751145622675
0.855 0.0038163706156818214
0.857 0.0037813794425551545
0.859 0.0037977086566809326
0.861 0.003674073178300042
0.863 0.003657743964174264
0.865 0.00348512084341604
0.867 0.003450129670289373
0.869 0.003655411219299153
0.871 0.0036904023924258203
0.873 0.0037510537591787098
0.875 0.0036787386680502644
0.877 0.0037253935655524872
0.879 0.004000657460815601
0.881 0.003891018451685378
0.883 0.004107963725070714
0.885 0.004021652164691602
0.887 0.003993659226190268
0.889 0.004415886048585384
0.891 0.00410096549044538
0.893 0.004163949602073381
0.895 0.004553517996216941
0.897 0.004688817198973387
0.899 0.0048077871876040556
0.901 0.004621167597595164
0.903 0.0051297059803693925
0.905 0.005439961048759174
0.907 0.0049524173698609454
0.909 0.005526272609138285
0.911 0.005848191401903622
0.913 0.0057805418005254
0.915 0.005097047552117836
0.917 0.005689564750396065
0.919 0.006025480012412069
0.921 0.0067276362198205215
0.923 0.006918921299579635
0.925 0.007488111049106753
0.927 0.007331817142474307
0.929 0.007287494989847195
0.931 0.007693392598116533
0.933 0.008001314921631203
0.935 0.008290575286144984
0.937 0.008374554101648985
0.939 0.008864430525422323
0.941 0.009083708543682772
0.943 0.009006727962804103
0.945 0.008540178987781876
0.947 0.010478689978999232
0.949 0.009935160423098336
0.951 0.007418128702853418
0.953 0.010093787074605894
0.955 0.012256241573833919
0.957 0.009475609682701442
0.959 0.010282739409489896
0.961 0.010907915036019681
0.963 0.00809695746151076
0.965 0.0107026334870099
0.967 0.011290485195537908
0.969 0.01277177819123348
0.971 0.008663814466162767
0.973 0.009167687359186771
0.975 0.009550257518704999
0.977 0.010485688213624564
0.979 0.012104613156951695
0.981 0.013910157690287715
0.983 0.01762855302121487
0.985 0.02051882392147757
0.987 0.021734184001410473
0.989 0.01912384248616111
0.991 0.014446689011563277
0.993 0.011222835594159684
0.995 0.007408797723352974
0.997 0.0008094624716635648
