intensity ch0
0.003 0
0.005 0
0.007 0
0.009 0
0.011 0
0.013 0
0.015 0
0.017 0
0.019 0
0.021 0
0.023 0
0.025 0
0.027 0
0.029 0
0.031 0
0.033 0
0.035 0
0.037 0
0.039 0
0.041 0
0.043 0
0.045 0
0.047 0
0.049 0
0.051 0
0.053 0
0.055 0
0.057 0
0.059 0
0.061 0
0.063 0
0.065 0
0.067 0
0.069 0
0.071 0
0.073 0
0.075 0
0.077 0
0.079 0
0.081 0
0.083 0
0.085 0
0.087 0
0.089 0
0.091 0
0.093 0
0.095 0
0.097 0
0.099 4.432215262711162e-05
0.101 8.63115603791121e-05
0.103 9.79752847546678e-05
0.105 7.464783600355641e-05
0.107 0.00016329214125777966
0.109 0.0005691897495271177
0.111 0.001068397152800901
0.113 0.0014416363328186832
0.115 0.001961838439968467
0.117 0.004502197608964496
0.119 0.008143612359012982
0.121 0.012302896471336141
0.123 0.02583048400210563
0.125 0.03961467346913734
0.127 0.06495761379234474
0.129 0.11898165235504359
0.131 0.17852263254738027
0.133 0.19818533909969205
0.135 0.22471564656433102
0.137 0.25486404133026735
0.139 0.2989575849596181
0.141 0.34340803855486085
0.143 0.38901320086328356
0.145 0.4388849535482846
0.147 0.44776104779808246
0.149 0.4608407483128306
0.151 0.530092945420255
0.153 0.6200622497635413
0.155 0.7129568161802171
0.157 0.872665861309826
0.159 1.0350319028521866
0.161 1.1742547824885694
0.163 1.337901500967366
0.165 1.546012669510656
0.167 1.7690230795712807
0.169 1.9239429994722865
0.171 1.950944521401698
0.173 1.8958100962784463
0.175 1.8332925336254677
0.177 1.8374471522480407
0.179 1.768922771541651
0.181 1.6691769334267739
0.183 1.521728795360749
0.185 1.3939830205099129
0.187 1.2817220061400645
0.189 1.1430099976313308
0.191 1.0115504929393178
0.193 0.8465414514534564
0.195 0.7206735362270847
0.197 0.635964571577174
0.199 0.5839466936070707
0.201 0.5725022472497755
0.203 0.5827476627412636
0.205 0.592811124132493
0.207 0.6347935336498682
0.209 0.7082306750632419
0.211 0.8420765777624937
0.213 1.1234242716598979
0.215 1.469442651730008
0.217 1.634717626131632
0.219 1.699176032520703
0.221 1.6730982775618357
0.223 1.6940183336018324
0.225 1.6885503796145718
0.227 1.7173854390158205
0.229 1.7327069073555506
0.231 1.699952836564115
0.233 1.6406941185016668
0.235 1.5462552749776675
0.237 1.4649077956927918
0.239 1.38720872939259
0.241 1.310804336498075
0.243 1.2458303934916046
0.245 1.1767974744024405
0.247 1.0786239063333884
0.249 0.9773897769881903
0.251 0.9007801025446655
0.253 0.826510171210877
0.255 0.7749868351542973
0.257 0.712639562877202
0.259 0.6460280329684034
0.261 0.5761366637651986
0.263 0.5081558126147099
0.265 0.4498115305433052
0.267 0.39740874966880857
0.269 0.35156564738312446
0.271 0.3159959535274299
0.273 0.2799013920748352
0.275 0.24821571843620063
0.277 0.2261806103459008
0.279 0.20834910852055127
0.281 0.19154401444025065
0.283 0.18525959974670125
0.285 0.1758026520230007
0.287 0.16421357548344856
0.289 0.15661115993546135
0.291 0.1506743242283035
0.293 0.14560060412493678
0.295 0.14210148681227008
0.297 0.13810082935145448
0.299 0.13458305007978688
0.301 0.13164379153714684
0.303 0.12883283396263792
0.305 0.12988723464618815
0.307 0.12739586311956946
0.309 0.12779242974833835
0.311 0.12611285343825834
0.313 0.12433996733317387
0.315 0.12404137598915965
0.317 0.12407636716228632
0.319 0.12432830360879832
0.321 0.12541069723084988
0.323 0.12661672633128235
0.325 0.1257956001352432
0.327 0.12575827621724145
0.329 0.125769939941617
0.331 0.12628314381414146
0.333 0.12582359307374455
0.335 0.12674502729941345
0.337 0.12774810759571126
0.339 0.12881883749338727
0.341 0.12862521966875304
0.343 0.1310885982568704
0.345 0.1315528144870175
0.347 0.13211034051216908
0.349 0.13342834136660686
0.351 0.1355884631209598
0.353 0.13674083908926468
0.355 0.1382897816863385
0.357 0.14119404905585184
0.359 0.14406565799711366
0.361 0.1463774081683488
0.363 0.15063233482055152
0.365 0.15556142474166135
0.367 0.16127898243055874
0.369 0.16777101141799303
0.371 0.1737335073187771
0.373 0.18009023710345495
0.375 0.1869881636991586
0.377 0.19507112469141868
0.379 0.20690980493260772
0.381 0.2209832547641532
0.383 0.24120815283136676
0.385 0.2682213384851537
0.387 0.29167942094927135
0.389 0.31574401708091787
0.391 0.3486193906058591
0.393 0.3990673312750126
0.395 0.4570407069112746
0.397 0.5501615495808361
0.399 0.6477939208388626
0.401 0.7565161612331673
0.403 0.8733633520274843
0.405 1.016045692313657
0.407 1.2105732874491748
0.409 1.435771812202654
0.411 1.69271199647177
0.413 1.9920778117845326
0.415 2.3225554454966524
0.417 2.7010852908911867
0.419 3.132771393754878
0.421 3.6687218615565373
0.423 4.33571660546244
0.425 5.159903362777706
0.427 6.117397158726074
0.429 7.168961224508172
0.431 8.322601540535384
0.433 9.633965735803487
0.435 10.970294966725028
0.437 12.371341538716777
0.439 13.731268816794943
0.441 15.10642192067296
0.443 16.440357755352636
0.445 17.598145691767794
0.447 18.45059598598991
0.449 19.072445118327785
0.451 19.283642508340847
0.453 19.25035423897301
0.455 18.927392709248497
0.457 18.30943459536231
0.459 17.554290088115707
0.461 16.58248956784828
0.463 15.55205550514494
0.465 14.440334614523474
0.467 13.229828976675678
0.469 11.944108645819673
0.471 10.438650745962823
0.473 8.887067481690403
0.475 7.370179131945509
0.477 5.97899073979598
0.479 4.723339490380157
0.481 3.6974239544999046
0.483 2.870589531751387
0.485 2.2522138565325514
0.487 1.759939371027598
0.489 1.417830671368174
0.491 1.137661013632701
0.493 0.9499706937261341
0.495 0.8283740343660908
0.497 0.7457808693179059
0.499 0.6895197284199754
0.501 0.6427528591637474
0.503 0.5983024055685047
0.505 0.5649441538544154
0.507 0.5209509182546944
0.509 0.4888383523039145
0.511 0.4613772796341062
0.513 0.427202567213728
0.515 0.396494313677765
0.517 0.3693318323519709
0.519 0.3472337401500431
0.521 0.32406025256068904
0.523 0.3109362298933138
0.525 0.2861601465747584
0.527 0.2715991530643147
0.529 0.2581042239617967
0.531 0.2493214395070033
0.533 0.2425541466243059
0.535 0.24364120573610767
0.537 0.26149370226533325
0.539 0.2693643834739582
0.541 0.25722711188875497
0.543 0.2135651260612998
0.545 0.18417487337977456
0.547 0.12222883322119829
0.549 0.0984371682399398
0.551 0.07818894272397513
0.553 0.06552680354187186
0.555 0.06056972068226069
0.557 0.05555665194564686
0.559 0.05082117984917125
0.561 0.04725907842487654
0.563 0.04260758514390493
0.565 0.04083469903882047
0.567 0.037690158947170656
0.569 0.03525943878730485
0.571 0.03413505575750128
0.573 0.03372449265948172
0.575 0.03239016259091815
0.577 0.02672625803414831
0.579 0.023789332236383385
0.581 0.021902141632418475
0.583 0.01992630672319934
0.585 0.01824439766824421
0.587 0.0175095830325842
0.589 0.0165671541030393
0.591 0.015871996130256184
0.593 0.015207163840849507
0.595 0.014658968795198391
0.597 0.014551662530943279
0.599 0.014325386278057498
0.601 0.014745280355577503
0.603 0.01408278081104594
0.605 0.01232155843033703
0.607 0.012057958259449471
0.609 0.011351136562290797
0.611 0.010828601710265902
0.613 0.01078194681276368
0.615 0.010224420787612118
0.617 0.009865178076845003
0.619 0.010009808259101893
0.621 0.00984185062809389
0.623 0.009795195730591668
0.625 0.009212009511813883
0.627 0.009188682063062772
0.629 0.00908137579880766
0.631 0.008824773862545435
0.633 0.009034720901305438
0.635 0.008575170160908543
0.637 0.008204263725765873
0.639 0.008554175457032543
0.641 0.007919668851002313
0.643 0.008162274318013871
0.645 0.00766773240449031
0.647 0.0078006988623716455
0.649 0.007371473805351195
0.651 0.007562758885110309
0.653 0.007289827734722306
0.655 0.007287494989847195
0.657 0.007107873634463637
0.659 0.006958577962456525
0.661 0.0071008753998383035
0.663 0.007110206379338749
0.665 0.007140532062715193
0.667 0.006956245217581414
0.669 0.0068046168006991896
0.671 0.006410382916805407
0.673 0.006387055468054296
0.675 0.006461703304057852
0.677 0.0064756997733085185
0.679 0.006335735080801851
0.681 0.006606333486314743
0.683 0.006515356436185408
0.685 0.006473367028433407
0.687 0.00623076156142185
0.689 0.006592337017064076
0.691 0.00653868388493652
0.693 0.006522354670810741
0.695 0.006300743907675183
0.697 0.0061514482356680705
0.699 0.00608846412404007
0.701 0.0064033846821800735
0.703 0.0056265806387680644
0.705 0.005246343224124949
0.707 0.00539097340638184
0.709 0.005160031663745837
0.711 0.005323323805003616
0.713 0.00520668656124806
0.715 0.005388640661506729
0.717 0.005292998121627172
0.719 0.005087716572617392
0.721 0.005397971641007173
0.723 0.005367645957630728
0.725 0.005209019306123171
0.727 0.00524867596900006
0.729 0.005190357347122282
0.731 0.005171695388121393
0.733 0.0047797942491027215
0.735 0.004586176424468497
0.737 0.004490533884588941
0.739 0.004464873690962718
0.741 0.004511528588464941
0.743 0.004810119932479167
0.745 0.004359900171582717
0.747 0.004497532119214274
0.749 0.004663157005347165
0.751 0.004250261162452493
0.753 0.004217602734200937
0.755 0.004357567426707606
0.757 0.0042315992034516045
0.759 0.004191942540574715
0.761 0.004217602734200937
0.763 0.00416161685719827
0.765 0.004210604499575604
0.767 0.004196608030324937
0.769 0.004296916059954716
0.771 0.004278254100953827
0.773 0.0041312911738218255
0.775 0.004168615091823603
0.777 0.0042549266522027155
0.779 0.0042315992034516045
0.781 0.00434590370233205
0.783 0.004245595672702271
0.785 0.004481202905088496
0.787 0.004229266458576493
0.789 0.004425217028085828
0.791 0.004226933713701382
0.793 0.004576845444968052
0.795 0.004747135820851165
0.797 0.004658491515596943
0.799 0.0049314226659849456
0.801 0.004842778360730722
0.803 0.004889433258232945
0.805 0.004814785422229389
0.807 0.0049314226659849456
0.809 0.00467482072972272
0.811 0.004324908998456049
0.813 0.003585428873045819
0.815 0.0037837121874302656
0.817 0.0038746892375596
0.819 0.003755719248928932
0.821 0.003891018451685378
0.823 0.003804706891306266
0.825 0.0036857369026755977
0.827 0.003872356492684489
0.829 0.003674073178300042
0.831 0.003655411219299153
0.833 0.0036460802397987086
0.835 0.0038373653195578217
0.837 0.0037930431669307104
0.839 0.0037347245450529316
0.841 0.003947004328688045
0.843 0.003923676879936934
0.845 0.003986660991564935
0.847 0.004198940775200048
0.849 0.004023984909566713
0.851 0.0036857369026755977
0.853 0.0037487210143035987
0.855 0.0038676910029342665
0.857 0.0037767139528049323
0.859 0.003809372381056488
0.861 0.00401698667494138
0.863 0.003902682176060934
0.865 0.003963333542813824
0.867 0.004009988440316046
0.869 0.00410096549044538
0.871 0.004091634510944936
0.873 0.004278254100953827
0.875 0.004348236447207161
0.877 0.004301581549704938
0.879 0.004999072267363168
0.881 0.004518526823090274
0.883 0.00434590370233205
0.885 0.004868438554356945
0.887 0.004782126993977833
0.889 0.004814785422229389
0.891 0.004861440319731612
0.893 0.004791457973478277
0.895 0.004882435023607612
0.897 0.005190357347122282
0.899 0.005001405012238279
0.901 0.005871518850654734
0.903 0.005663904556769843
0.905 0.006118789807416515
0.907 0.006286747438424517
0.909 0.006123455297166737
0.911 0.006270418224298739
0.913 0.0066040007414396315
0.915 0.006410382916805407
0.917 0.006946914238080968
0.919 0.00690725757520408
0.921 0.007259502051345861
0.923 0.0073504791014751955
0.925 0.007527767711983642
0.927 0.0072781640103467505
0.929 0.00725716930647075
0.931 0.007247838326970305
0.933 0.008204263725765873
0.935 0.009417291060823663
0.937 0.006732301709570744
0.939 0.006060471185538737
0.941 0.008554175457032543
0.943 0.009603910650832555
0.945 0.008234589409142316
0.947 0.007779704158495645
0.949 0.008299906265645429
0.951 0.008827106607420546
0.953 0.006811615035324523
0.955 0.007887010422750758
0.957 0.009538593794329442
0.959 0.009480275172451664
0.961 0.010128778247732562
0.963 0.007744712985368978
0.965 0.005995154329035624
0.967 0.007644404955739199
0.969 0.008043304329383204
0.971 0.008127283144887204
0.973 0.009426622040324108
0.975 0.010439033316122342
0.977 0.01213493884032814
0.979 0.014519004102691722
0.981 0.01611460159726774
0.983 0.017164336791067752
0.985 0.016270895503900186
0.987 0.014057120617419717
0.989 0.010984895616898348
0.991 0.00926566264394144
0.993 0.006834942484075634
0.995 0.0033754818342858167
0.997 0
