intensity ch0
0.003 0
0.005 0
0.007 0
0.009 0
0.011 0
0.013 0
0.015 0
0.017 0
0.019 0
0.021 0
0.023 0
0.025 0
0.027 0
0.029 0
0.031 0
0.033 0
0.035 0
0.037 0
0.039 0
0.041 0
0.043 0
0.045 0
0.047 0
0.049 0
0.051 1.6329214125777966e-05
0.053 9.097705012933438e-05
0.055 0.0001049735193800012
0.057 0.00012830096813111258
0.059 0.00018428684513377988
0.061 0.0003522444761417818
0.063 0.0004432215262711162
0.065 0.0005761879841524511
0.067 0.0007254836561595639
0.069 0.0008421208999151207
0.071 0.001166372437555569
0.073 0.0015536080868240178
0.075 0.0015676045560746848
0.077 0.0019221817770915777
0.079 0.002503035250994251
0.081 0.0033404906611591493
0.083 0.004098632745570269
0.085 0.004686484454098276
0.087 0.005981157859784958
0.089 0.007712054557117422
0.091 0.009466278703200997
0.093 0.011402456949543243
0.095 0.013539251255145044
0.097 0.01698938092543442
0.099 0.019305796586419777
0.101 0.02269060940020604
0.103 0.025898133603483853
0.105 0.029959442431052346
0.107 0.03537840877593552
0.109 0.04145754192047514
0.111 0.04847677124968456
0.113 0.0558575760345362
0.115 0.06698476908881633
0.117 0.07792534255308756
0.119 0.09255631840978462
0.121 0.11172215030369773
0.123 0.13930452570701182
0.125 0.1701504111906064
0.127 0.20851006791693394
0.129 0.2565832743032243
0.131 0.30614010643008527
0.133 0.3457687763684733
0.135 0.3896850313873156
0.137 0.4453256621484665
0.139 0.5050602601654374
0.141 0.5671439322716452
0.143 0.625994419980949
0.145 0.6911013294453008
0.147 0.7470942046825935
0.149 0.8256657175660869
0.151 0.9212056166711385
0.153 1.0130924373017662
0.155 1.1302218902259717
0.157 1.2469990986740351
0.159 1.3657917986941948
0.161 1.4812533390326956
0.163 1.5833225910431836
0.165 1.6757832669130885
0.167 1.7660978174978914
0.169 1.8115466858996816
0.171 1.7890986819664871
0.173 1.7443449715374801
0.175 1.6729933040424556
0.177 1.575332939845928
0.179 1.4561483386867495
0.181 1.325955514461922
0.183 1.2035213996917138
0.185 1.07278271316611
0.187 0.9484777370060629
0.189 0.8410571682520701
0.191 0.7333869957964404
0.193 0.6436346367265394
0.195 0.5693087195157484
0.197 0.5249655721847607
0.199 0.50763561050756
0.201 0.5098330561799147
0.203 0.5362817175739248
0.205 0.5875041295416152
0.207 0.6790387056961011
0.209 0.8094041530416871
0.211 0.9676878910526031
0.213 1.1428257107861972
0.215 1.3513241149787556
0.217 1.5269028234937456
0.219 1.6340877850153521
0.221 1.697391482691243
0.223 1.7496006457411055
0.225 1.7658692085001304
0.227 1.7598647231915945
0.229 1.7358771076408266
0.231 1.6641148770477827
0.233 1.6034448483358923
0.235 1.523179762673068
0.237 1.453155427011982
0.239 1.3465559844540285
0.241 1.259567928061134
0.243 1.1688404816334366
0.245 1.0895038284309067
0.247 0.9963246671394674
0.249 0.8930377223041716
0.251 0.8008476448397794
0.253 0.7185110817278567
0.255 0.6472620550073372
0.257 0.5764119276604618
0.259 0.5168616164886246
0.261 0.4604838383469386
0.263 0.40549404340594375
0.265 0.35832827477607165
0.267 0.31987297550986454
0.269 0.2841516532372877
0.271 0.25272258153491534
0.273 0.22966573118931685
0.275 0.21293295220014466
0.277 0.1963704635868556
0.279 0.18365467127262478
0.281 0.1754060853942318
0.283 0.16752840595098148
0.285 0.15883659854631738
0.287 0.1526198334541462
0.289 0.14756477530978035
0.291 0.14230443561640474
0.293 0.14006266779142293
0.295 0.1369507861280247
0.297 0.13453639518228466
0.299 0.13185607132078195
0.301 0.13038644204946195
0.303 0.1294953335071695
0.305 0.1283662849876157
0.307 0.12798371482809748
0.309 0.12847592399674593
0.311 0.12856456830200014
0.313 0.1300411958079455
0.315 0.12993155679881527
0.317 0.1295186609559206
0.319 0.13032112519295883
0.321 0.13238093891768196
0.323 0.133682610557994
0.325 0.13545316391820333
0.327 0.13537385059244955
0.329 0.13667318948788645
0.331 0.1392182141466327
0.333 0.14121970924947808
0.335 0.14515738259866567
0.337 0.14906939575422704
0.339 0.15206230742899463
0.341 0.15504355537938666
0.343 0.1587129630679365
0.345 0.16398729923056277
0.347 0.16940859832032107
0.349 0.1750911648360918
0.351 0.18166017440440477
0.353 0.1900463922304293
0.355 0.2002661475282912
0.357 0.2106608586917864
0.359 0.22371723175778346
0.361 0.23824556683997564
0.363 0.2545934429247545
0.365 0.27514959076423384
0.367 0.2977982107566879
0.369 0.32214040352847256
0.371 0.35300261822619294
0.373 0.3914952414104018
0.375 0.4355794540602521
0.377 0.4896758077140794
0.379 0.5543768195701619
0.381 0.6270931428171264
0.383 0.7067797077509228
0.385 0.810913438975884
0.387 0.9166474331851714
0.389 1.042596994482172
0.391 1.1834831212145092
0.393 1.342832923633351
0.395 1.514315332147646
0.397 1.7044503686833294
0.399 1.9074388294808753
0.401 2.1359195262736357
0.403 2.373929485881225
0.405 2.627900085924325
0.407 2.8975653934871723
0.409 3.1778516884664008
0.411 3.5022665182481068
0.413 3.837873857940596
0.415 4.216459689212133
0.417 4.606322009209957
0.419 5.02155526246949
0.421 5.475556402808494
0.423 5.949448858697572
0.425 6.47352798782979
0.427 7.0326356140066775
0.429 7.61314617441271
0.431 8.22974429803671
0.433 8.88270758151882
0.435 9.524788610158534
0.437 10.177814877752272
0.439 10.823499997224035
0.441 11.423377005583239
0.443 11.978134062568044
0.445 12.478577820625636
0.447 12.882156680489114
0.449 13.18549049483444
0.451 13.41752162932712
0.453 13.533540695690773
0.455 13.517220812544496
0.457 13.379273944354798
0.459 13.104901157633975
0.461 12.735979888380024
0.463 12.25712801688646
0.465 11.69732989822654
0.467 11.086335027792556
0.469 10.395469305579642
0.471 9.645872065646055
0.473 8.857483611184243
0.475 8.073856289012534
0.477 7.285057271452704
0.479 6.524365496893087
0.481 5.788435809182776
0.483 5.103231658781756
0.485 4.466718892158931
0.487 3.909967338305906
0.489 3.412761430134968
0.491 2.9765358057443096
0.493 2.6088742187229186
0.495 2.2921621125188296
0.497 2.036518934400275
0.499 1.8242881384075387
0.501 1.6333039827373148
0.503 1.4875914068583727
0.505 1.365504871074556
0.507 1.2640071415584706
0.509 1.1837420558956464
0.511 1.1084083928988073
0.513 1.0471155213052623
0.515 0.9974560484038963
0.517 0.9522871093871194
0.519 0.9152454535152297
0.521 0.8755794596588399
0.523 0.8345231498568838
0.525 0.8011555671632941
0.527 0.769731160950672
0.529 0.7384210592369302
0.531 0.7045566018849418
0.533 0.6636845789281196
0.535 0.6351201179323838
0.537 0.610735935752847
0.539 0.5862911022065574
0.541 0.5613750541954954
0.543 0.5256887230960452
0.545 0.4844574574284558
0.547 0.4439120187541491
0.549 0.39994444334805435
0.551 0.3568726419740023
0.553 0.3176545351336339
0.555 0.28703259315804996
0.557 0.25880171467945495
0.559 0.2356632182632276
0.561 0.2150160933736189
0.563 0.19685334177600358
0.565 0.18050313294634962
0.567 0.16515133892324324
0.569 0.15170306471822753
0.571 0.1415392952973683
0.573 0.1302534755915806
0.575 0.1215173460342894
0.577 0.11307514233126219
0.579 0.10404042142995674
0.581 0.096804246827362
0.583 0.0898736618034068
0.585 0.08183735570864895
0.587 0.07639506191501466
0.589 0.06933151043317813
0.591 0.06369793155978473
0.593 0.05936835707157846
0.595 0.05484749750361308
0.597 0.04963614545261479
0.599 0.04558416760454675
0.601 0.04229033184088982
0.603 0.03833632927757644
0.605 0.03567466737507463
0.607 0.033442230529593275
0.609 0.03193294459539637
0.611 0.029712171474290564
0.613 0.0277713277381981
0.615 0.025781496359728297
0.617 0.024878724093060287
0.619 0.02349773912699449
0.621 0.022765257236209594
0.623 0.021164994251883354
0.625 0.02053515313560335
0.627 0.019028199946281552
0.629 0.017726528305969536
0.631 0.016903069365055305
0.633 0.016511168226036634
0.635 0.015221160310100176
0.637 0.014586653704069946
0.639 0.014183088840675718
0.641 0.013266320104757041
0.643 0.013254656380381485
0.645 0.0125874913460997
0.647 0.012048627279949027
0.649 0.011652060651180135
0.651 0.011339472837915242
0.653 0.011024552279775238
0.655 0.010541674090627232
0.657 0.010362052735243675
0.659 0.009746208088214334
0.661 0.009629570844458778
0.663 0.009790530240841446
0.665 0.009228338725939662
0.667 0.009445283999324998
0.669 0.009025389921804993
0.671 0.009191014807937884
0.673 0.008624157803285877
0.675 0.008561173691657877
0.677 0.00840721252990054
0.679 0.008449201937652542
0.681 0.008227591174516984
0.683 0.008082960992260094
0.685 0.00803397334988276
0.687 0.007840355525248534
0.689 0.007672397894240532
0.691 0.0074997747734823084
0.693 0.00742279419260364
0.695 0.007534765946608976
0.697 0.0071521957870907486
0.699 0.007182521470467194
0.701 0.007058885992086304
0.703 0.006993569135583191
0.705 0.006830276994325412
0.707 0.006944581493205857
0.709 0.006757961903196967
0.711 0.006485030752808964
0.713 0.006699643281319188
0.715 0.006471034283558296
0.717 0.006373058998803628
0.719 0.006401051937304962
0.721 0.006363728019303184
0.723 0.0062797492037991835
0.725 0.006177108429294293
0.727 0.005960163155908958
0.729 0.005960163155908958
0.731 0.006037143736787625
0.733 0.005782874545400511
0.735 0.005575260251515619
0.737 0.005689564750396065
0.739 0.005397971641007173
0.741 0.005687232005520954
0.743 0.005521607119388063
0.745 0.005451624773134729
0.747 0.005302329101127616
0.749 0.005383975171756507
0.751 0.005211352050998282
0.753 0.005101713041868058
0.755 0.004971079328861835
0.757 0.004910427962108946
0.759 0.0048287818914800554
0.761 0.00502239971611428
0.763 0.0049547501147360565
0.765 0.0049057624723587235
0.767 0.004712144647724499
0.769 0.004609503873219609
0.771 0.004695815433598721
0.773 0.004394891344709384
0.775 0.004672487984847609
0.777 0.004516194078215163
0.779 0.004499864864089385
0.781 0.004574512700092941
0.783 0.004408887813960051
0.785 0.004236264693201827
0.787 0.004373896640833383
0.789 0.004303914294580049
0.791 0.004324908998456049
0.793 0.004399556834459606
0.795 0.00426425763170316
0.797 0.004292250570204494
0.799 0.004042646868567602
0.801 0.004289917825329383
0.803 0.004070639807068936
0.805 0.004191942540574715
0.807 0.004149953132822714
0.809 0.004215269989325826
0.811 0.0043832276203338285
0.813 0.004476537415338273
0.815 0.00438556036520894
0.817 0.004446211731961829
0.819 0.004446211731961829
0.821 0.004390225854959162
0.823 0.0043062470394551605
0.825 0.004194275285449826
0.827 0.004124292939196492
0.829 0.003807039636181377
0.831 0.003905014920936045
0.833 0.0036460802397987086
0.835 0.003818703360556933
0.837 0.0035947598525462635
0.839 0.003573765148670263
0.841 0.0033568198752849275
0.843 0.003314830467532927
0.845 0.0032028587135275923
0.847 0.0033568198752849275
0.849 0.0032728410597809266
0.851 0.0033241614470333716
0.853 0.003184196754526703
0.855 0.003191194989152037
0.857 0.0031725330301511476
0.859 0.003200525968652481
0.861 0.0032075242032778145
0.863 0.0032238534174035926
0.865 0.0032051914584027034
0.867 0.003097885194147591
0.869 0.0031235453877738136
0.871 0.003200525968652481
0.873 0.003380147324036039
0.875 0.0033568198752849275
0.877 0.0031072161736480355
0.879 0.0030558957863955905
0.881 0.002962585991391145
0.883 0.0031142144082733692
0.885 0.0032518463559049263
0.887 0.003046564806895146
0.889 0.0031235453877738136
0.891 0.003368483599660483
0.893 0.0032751738046560377
0.895 0.0034128057522875947
0.897 0.0032635100802804818
0.899 0.003317163212408038
0.901 0.003573765148670263
0.903 0.003520112016542707
0.905 0.003674073178300042
0.907 0.003807039636181377
0.909 0.003704398861676487
0.911 0.003818703360556933
0.913 0.004107963725070714
0.915 0.003995991971065379
0.917 0.004112629214820936
0.919 0.004147620387947603
0.921 0.004350569192082272
0.923 0.004744803075976054
0.925 0.005034063440489836
0.927 0.005188024602247171
0.929 0.005120375000868948
0.931 0.005463288497510285
0.933 0.0058551896365289565
0.935 0.005836527677528067
0.937 0.006401051937304962
0.939 0.006823278759700078
0.941 0.007322486162973862
0.943 0.007527767711983642
0.945 0.007793700627746312
0.947 0.007873013953500091
0.949 0.008288242541269872
0.951 0.009426622040324108
0.953 0.01037371645961923
0.955 0.01102688502465035
0.957 0.01141645341879391
0.959 0.011922659056693026
0.961 0.012645809967977479
0.963 0.013462270674266377
0.965 0.013616231836023712
0.967 0.014640306836197502
0.969 0.014479347439814832
0.971 0.01535412676798151
0.973 0.017089688955064197
0.975 0.01570403849924818
0.977 0.015001882291839727
0.979 0.01656015586841397
0.981 0.019774678306317114
0.983 0.01365355575402549
0.985 0.016471511563159746
0.987 0.01890223172302555
0.989 0.02565086264672207
0.991 0.03451062768239417
0.993 0.032413490039669264
0.995 0.020980707406749573
0.997 0.010070459625854782
