intensity ch0
0.003 0.03599891891271508
0.005 0.038539278081711106
0.007 0.040538440439681356
0.009 0.042922505702044936
0.011 0.04594107757043875
0.013 0.049024966295335676
0.015 0.05246343224124949
0.017 0.05496180200249352
0.019 0.05776576134237711
0.021 0.061985696821453155
0.023 0.06535184767623853
0.025 0.06879497911190256
0.027 0.07158494198253548
0.029 0.07711121459167378
0.031 0.0814944422120076
0.033 0.0850962002991792
0.035 0.08958673418376814
0.037 0.09485407211176909
0.039 0.09876608526733047
0.041 0.10556836932315454
0.043 0.11086370018965683
0.045 0.1152166021266142
0.047 0.12205387735556496
0.049 0.12796505286909657
0.051 0.13440576146927843
0.053 0.1407461620398305
0.055 0.1489364292963457
0.057 0.15424109114234844
0.059 0.16260164877474675
0.061 0.17032769980111484
0.063 0.17730727246744737
0.065 0.18525726700182613
0.067 0.193650483062476
0.069 0.20335703448781345
0.071 0.21039725852089886
0.073 0.2196605884199652
0.075 0.22912453437829108
0.077 0.23889873540500675
0.079 0.24812940687582152
0.081 0.25779396889340694
0.083 0.26803938438489505
0.085 0.2783151255597596
0.087 0.2885418790922469
0.089 0.29882461850173675
0.091 0.3107169518750533
0.093 0.321897798061461
0.095 0.33455527175381405
0.097 0.34439012414728265
0.099 0.35666036219036723
0.101 0.3676312613380149
0.103 0.3791900121941906
0.105 0.39085606931462136
0.107 0.4045422834968984
0.109 0.4152145913005319
0.111 0.4298222397084778
0.113 0.44036391379910506
0.115 0.453669890566739
0.117 0.466852231855992
0.119 0.4793720736007135
0.121 0.4925894060630932
0.123 0.5049506211563072
0.125 0.5156135979804402
0.127 0.5299296532789972
0.129 0.5428740545909889
0.131 0.554460798385666
0.133 0.566425446850111
0.135 0.5799133777180036
0.137 0.5896992424690948
0.139 0.6026833004439633
0.141 0.6136402031223603
0.143 0.6274057306303912
0.145 0.6391954232292029
0.147 0.6507961634931306
0.149 0.6605890264788471
0.151 0.6724556996585375
0.153 0.6826264673140221
0.155 0.6909823594566702
0.157 0.7017806354835596
0.159 0.7120027235262967
0.161 0.7204285980151981
0.163 0.7293653436317489
0.165 0.7391535411277151
0.167 0.7471758507532223
0.169 0.7539081524627931
0.171 0.7629685335577248
0.173 0.769626187431292
0.175 0.7756563329334543
0.177 0.7809633275243321
0.179 0.7906138930726668
0.181 0.794854823255619
0.183 0.7984075937004131
0.185 0.804491392334703
0.187 0.8097144081100769
0.189 0.8140439825982831
0.191 0.8143589031564231
0.193 0.8223718818024299
0.195 0.8199924820298166
0.197 0.8246906302082904
0.199 0.8279914642065727
0.201 0.8289362258809926
0.203 0.8311709954713491
0.205 0.8261229355616087
0.207 0.8267784368715149
0.209 0.8310263652890922
0.211 0.8288125904026118
0.213 0.8271516760515326
0.215 0.8266664651175095
0.217 0.8250568711536828
0.219 0.823109029182965
0.221 0.8216324016770197
0.223 0.8194046303212885
0.225 0.8146971511633142
0.227 0.8143309102179218
0.229 0.8109460974041356
0.231 0.8083450868683866
0.233 0.8040435053186816
0.235 0.8012885336211755
0.237 0.8002784550902523
0.239 0.7960561868663012
0.241 0.7919482231412305
0.243 0.7923657844738753
0.245 0.7886240616941971
0.247 0.7882508225141793
0.249 0.7844391173882477
0.251 0.7822953248480206
0.253 0.7792324308269997
0.255 0.7773289110089089
0.257 0.7756166762705774
0.259 0.7758126268400867
0.261 0.7760855579904747
0.263 0.7789198430137347
0.265 0.778504614425965
0.267 0.7808186973420752
0.269 0.7822673319095192
0.271 0.7843668022971192
0.273 0.7890229610678411
0.275 0.7938167517861945
0.277 0.8001244939284949
0.279 0.8069944275856973
0.281 0.8134701273590058
0.283 0.8237015463812433
0.285 0.8315908895488691
0.287 0.8419552750289879
0.289 0.8526719049852485
0.291 0.8643636222993055
0.293 0.880053664329303
0.295 0.8958836710518072
0.297 0.9087954139355473
0.299 0.9304946067638311
0.301 0.9474886531790158
0.303 0.9698666747659569
0.305 0.9909453574574612
0.307 1.014139839750691
0.309 1.03678146150852
0.311 1.0634890575836673
0.313 1.095030101040045
0.315 1.122943726215625
0.317 1.1529358270749288
0.319 1.1864503726956506
0.321 1.221889432838339
0.323 1.2573051655322762
0.325 1.2923173333628193
0.327 1.3361892662290344
0.329 1.3714906944240912
0.331 1.4128432628251864
0.333 1.4607508443253439
0.335 1.504261201735917
0.337 1.5524907020288397
0.339 1.598170512173266
0.341 1.6473634360996097
0.343 1.7025725090588648
0.345 1.751331542438438
0.347 1.8094518810018319
0.349 1.8603243812382555
0.351 1.919545775382702
0.353 1.974871485585713
0.355 2.0342841648099186
0.357 2.09613222968374
0.359 2.1582089035553227
0.361 2.215137209487535
0.363 2.2837618982235544
0.365 2.3463354467535353
0.367 2.4074416987570717
0.369 2.4769528305456334
0.371 2.538992180499214
0.373 2.600917225953914
0.375 2.668053623459613
0.377 2.7333424870242236
0.379 2.7978008934132945
0.381 2.8688959589720566
0.383 2.9392468789156583
0.385 2.995263081601702
0.387 3.0693323968762307
0.389 3.1351741209762425
0.391 3.192818579585114
0.393 3.259313472250157
0.395 3.3251272034116677
0.397 3.3912045347440656
0.399 3.4515899685811924
0.401 3.51450876335269
0.403 3.575227779706958
0.405 3.6350976769266854
0.407 3.686133469304367
0.409 3.7360752043356213
0.411 3.7953759118058215
0.413 3.8449327439326826
0.415 3.8949514595448154
0.417 3.940631269689242
0.419 3.9889284195835426
0.421 4.03315726241565
0.423 4.0703715414082975
0.425 4.114374107987519
0.427 4.1448770799744725
0.429 4.177927409365047
0.431 4.215197674234698
0.433 4.243171950777031
0.435 4.263028275153976
0.437 4.290885914452554
0.439 4.310047080856717
0.441 4.325086287066558
0.443 4.337333197660891
0.445 4.351712237071077
0.447 4.364875916401329
0.449 4.369368783030793
0.451 4.363331639294005
0.453 4.370222567655084
0.455 4.362144272152574
0.457 4.350879447150662
0.459 4.349913690772366
0.461 4.3326677079106695
0.463 4.3168097082496635
0.465 4.299908971629484
0.467 4.270637688936589
0.469 4.252236997361712
0.471 4.225219146218175
0.473 4.195714589037769
0.475 4.168213859705085
0.477 4.131963004345857
0.479 4.085576372504272
0.481 4.042152326654079
0.483 4.003074184506216
0.485 3.9562466638832356
0.487 3.9113459905270966
0.489 3.8634897294141917
0.491 3.813552659872687
0.493 3.7621669557637394
0.495 3.704146925229975
0.497 3.6463648346734723
0.499 3.5909388164408313
0.501 3.5274158407466802
0.503 3.469748054689058
0.505 3.410864908551502
0.507 3.3428234060342605
0.509 3.281668166388347
0.511 3.2158964246345887
0.513 3.1488486714341444
0.515 3.084052017038182
0.517 3.0217000792713367
0.519 2.95451002863351
0.521 2.883886177539521
0.523 2.816747447288947
0.525 2.7475302413546494
0.527 2.6827149249996864
0.529 2.6111159865479
0.531 2.5410006738366846
0.533 2.473248431683957
0.535 2.409968061456817
0.537 2.3392625642921985
0.539 2.272046853460746
0.541 2.2063800852263675
0.543 2.1422179374364356
0.545 2.075370800295251
0.547 2.0100819367306406
0.549 1.9492299539184912
0.551 1.8893763859128898
0.553 1.8331992238304633
0.555 1.7697368995030647
0.557 1.711010047272142
0.559 1.6508345604737749
0.561 1.589693317297112
0.563 1.5385105619922985
0.565 1.4796903999663713
0.567 1.427208305766121
0.569 1.3755613342311603
0.571 1.3235597854751828
0.573 1.2726662905348831
0.575 1.228376796336023
0.577 1.1787033269654064
0.579 1.1292281409091742
0.581 1.0888903165287525
0.583 1.0413862998919894
0.585 1.003367223917428
0.587 0.9600178259032377
0.589 0.9222693483341893
0.591 0.8844485556740124
0.593 0.8427064188787737
0.595 0.8096397602740733
0.597 0.7734332270674733
0.599 0.741416303656573
0.601 0.7089981481271534
0.603 0.6771445168575109
0.605 0.6445560709522083
0.607 0.6176875154806782
0.609 0.5880943139950183
0.611 0.560234341951566
0.613 0.5345624846009679
0.615 0.510509552193697
0.617 0.48769997280486027
0.619 0.4627022787231693
0.621 0.4420154971706837
0.623 0.4208971578163026
0.625 0.3989227010927557
0.627 0.380668972445011
0.629 0.3606120320088055
0.631 0.3424189547278137
0.633 0.3269691854199526
0.635 0.3104743464080418
0.637 0.29406815170138517
0.639 0.2785204071087694
0.641 0.2650721329037537
0.643 0.2511223185505891
0.645 0.2388030928651272
0.647 0.22671247617742615
0.649 0.214346595594462
0.651 0.20352499211882144
0.653 0.19082786176359154
0.655 0.18279155566883365
0.657 0.17204460002919664
0.659 0.1643442091964548
0.661 0.15542146004915466
0.663 0.1462514399450928
0.665 0.13875866340623583
0.667 0.1311702443274993
0.669 0.12348151721913297
0.671 0.11659758709268
0.673 0.11148421032643639
0.675 0.10395644261445275
0.677 0.09977149830850336
0.679 0.09376468025509219
0.681 0.0888262593544819
0.683 0.08366856043561119
0.685 0.07894241931863602
0.687 0.07497675303094709
0.689 0.07084779460200037
0.691 0.06662785912292432
0.693 0.06264119813135939
0.695 0.059300707470200234
0.697 0.056144503654174865
0.699 0.05327756020266328
0.701 0.05022866265089302
0.703 0.047345389985255656
0.705 0.043671316806955615
0.707 0.04235331595251782
0.709 0.04011154812753601
0.711 0.037384569368531094
0.713 0.03509381390117196
0.715 0.03411406105362528
0.717 0.03173466128101192
0.719 0.03034201259057057
0.721 0.028445491007105216
0.723 0.0270598405512892
0.725 0.0261174116217443
0.727 0.024309534343533168
0.729 0.0231851513137296
0.731 0.022007115151798474
0.733 0.020577142543355346
0.735 0.019592724206058447
0.737 0.018864907805023774
0.739 0.018109098465487763
0.741 0.01718299875006864
0.743 0.01613326355626863
0.745 0.015288809911478398
0.747 0.014838590150581948
0.749 0.01420641628942683
0.751 0.013305976767633931
0.753 0.012876751710613482
0.755 0.012230581380207696
0.757 0.01197164669907036
0.759 0.01129748343016324
0.761 0.011045546983651238
0.763 0.010567334284253455
0.765 0.010161436675984117
0.767 0.009911832974347225
0.769 0.009314650286318773
0.771 0.00893907836142588
0.773 0.008712802108540101
0.775 0.008358224887523207
0.777 0.008206596470640983
0.779 0.007903339636876535
0.781 0.0075510951607347535
0.783 0.007504440263232531
0.785 0.0072268436230943055
0.787 0.007159194021716082
0.789 0.0068279442494503005
0.791 0.006685646812068521
0.793 0.006548014864436964
0.795 0.006384722723179185
0.797 0.006116457062541404
0.799 0.00596482864565918
0.801 0.005969494135409402
0.803 0.005509943395012508
0.805 0.005750216117148955
0.807 0.005612584169517398
0.809 0.005418966344883173
0.811 0.0051553661739956146
0.813 0.005274336162626283
0.815 0.005136704214994726
0.817 0.004999072267363168
0.819 0.004882435023607612
0.821 0.004877769533857389
0.823 0.004971079328861835
0.825 0.00477746150422761
0.827 0.0045558507410920525
0.829 0.004485868394838718
0.831 0.00446953918071294
0.833 0.0045068630987147185
0.835 0.004250261162452493
0.837 0.004208271754700493
0.839 0.0041336239186969366
0.841 0.0041826115610742705
0.843 0.0042059390098253815
0.845 0.00401698667494138
0.847 0.004023984909566713
0.849 0.003926009624812045
0.851 0.0039003494311858227
0.853 0.00397733001206449
0.855 0.0037137298411769317
0.857 0.003723060820677376
0.859 0.003718395330927154
0.861 0.0037487210143035987
0.863 0.0035574359345444855
0.865 0.0034967845677915956
0.867 0.0035411067204187074
0.869 0.003422136731788039
0.871 0.0034757898639155953
0.873 0.003433800456163595
0.875 0.003314830467532927
0.877 0.0034594606497898176
0.879 0.003377814579160928
0.881 0.003282172039281371
0.883 0.0032121896930280367
0.885 0.003228518907153815
0.887 0.0030838887248969245
0.889 0.003006908144018257
0.891 0.002946256777265367
0.893 0.0029672514811413674
0.895 0.0031702002852760365
0.897 0.0028669434515115884
0.899 0.002822621298884477
0.901 0.002859945216886255
0.903 0.002904267369513367
0.905 0.0027456407180058095
0.907 0.002792295615508032
0.909 0.0025916795562484743
0.911 0.002792295615508032
0.913 0.0027363097385053646
0.915 0.0027293115038800313
0.917 0.002619672494749808
0.919 0.0025986777908738076
0.921 0.0025146989753698067
0.923 0.0024937042714938064
0.925 0.002430720159865806
0.927 0.0023654033033626938
0.929 0.002472709567617806
0.931 0.0023467413443618045
0.933 0.0023397431097364712
0.935 0.002475042312492917
0.937 0.0022231058659809145
0.939 0.0022557642942324704
0.941 0.002244100569856915
0.943 0.002244100569856915
0.945 0.0022184403762306923
0.947 0.002185781947979136
0.949 0.0021624544992280247
0.951 0.002216107631355581
0.953 0.002178783713353803
0.955 0.0021717854787284695
0.957 0.002136794305601802
0.959 0.001994496868220023
0.961 0.001994496868220023
0.963 0.002010826082345801
0.965 0.001994496868220023
0.967 0.0021251305812262466
0.969 0.0020388190208471347
0.971 0.002001495102845356
0.973 0.0019221817770915777
0.975 0.002048150000347579
0.977 0.00202948804134669
0.979 0.0019431764809675778
0.981 0.0019758349092191337
0.983 0.0019711694194689115
0.985 0.0018335374718373544
0.987 0.0017308966973324643
0.989 0.0017169002280817975
0.991 0.001980500398969356
0.993 0.0017822170845849094
0.995 0.0017682206153342426
0.997 0.0017962135538355762
