brightness ch0
0.01926541911871027 0.06393503534133856
0.019320677755786164 0.06568563749949426
0.01937593639286206 0.06733475547456846
0.019431195029937953 0.0713433807062873
0.019486453667013848 0.06971963377698348
0.019541712304089742 0.07370288796293195
0.019596970941165637 0.07509829548030243
0.01965222957824153 0.0791830338493324
0.019707488215317426 0.08095900705325847
0.01976274685239332 0.08088289391594736
0.019818005489469215 0.08801215777742201
0.01987326412654511 0.09118353849871856
0.019928522763621004 0.09049852026291852
0.0199837814006969 0.0950145664100448
0.020039040037772793 0.1002663728845119
0.020094298674848687 0.09712036320898572
0.020149557311924582 0.10358997988043069
0.020204815949000476 0.11059238851305347
0.02026007458607637 0.11221613544235733
0.020315333223152265 0.11262207217468329
0.02037059186022816 0.12038561218041725
0.020425850497304054 0.12368384813056567
0.02048110913437995 0.12685522885186223
0.020536367771455843 0.13319799029445534
0.020591626408531738 0.1345172846745147
0.020646885045607632 0.1398705753320633
0.020702143682683527 0.1436508611518488
0.02075740231975942 0.1475833732462565
0.020812660956835316 0.15286055076649396
0.02086791959391121 0.1540276188719311
0.020923178230987105 0.15572747893854605
0.020978436868063 0.16475957123279866
0.021033695505138894 0.17072176698883618
0.02108895414221479 0.17881513058958498
0.021144212779290683 0.17747046516375525
0.021199471416366578 0.1870099783734153
0.021254730053442472 0.18637570222915595
0.021309988690518367 0.19416461328066031
0.02136524732759426 0.2063173442046687
0.021420505964670156 0.2076112675389577
0.02147576460174605 0.22146385852958106
0.021531023238821945 0.22275778186387005
0.02158628187589784 0.22765439369755194
0.021641540512973734 0.23140930847156707
0.021696799150049628 0.24150698468817527
0.021752057787125523 0.24693638848303498
0.021807316424201417 0.25500438103801343
0.021862575061277312 0.26162622398408064
0.021917833698353206 0.2692629087609627
0.0219730923354291 0.27542807288316323
0.022028350972504995 0.2856018622370826
0.02208360960958089 0.2946339545313352
0.022138868246656784 0.29818590093918734
0.02219412688373268 0.3053912779379731
0.022249385520808573 0.3184319954639446
0.022304644157884468 0.32888486632133795
0.022359902794960362 0.33573504867933857
0.022415161432036257 0.34382841228008737
0.02247042006911215 0.35346940967282886
0.022525678706188046 0.365875851054541
0.02258093734326394 0.3780285819785494
0.022636195980339835 0.38924258420905405
0.02269145461741573 0.39870598428140297
0.022746713254491624 0.4077888186671963
0.02280197189156752 0.4191043050807824
0.022857230528643413 0.4295571759381759
0.022912489165719307 0.44455146398846596
0.022967747802795202 0.45231500399419994
0.023023006439871097 0.4637319745908675
0.02307826507694699 0.4764174974760537
0.023133523714022886 0.4925534825860106
0.02318878235109878 0.49874401775398153
0.023244040988174675 0.509881906847175
0.02329929962525057 0.5201318093384055
0.023354558262326464 0.5350246132056141
0.023409816899402358 0.5542304948537861
0.023465075536478253 0.5654444970842907
0.023520334173554147 0.5840161025882032
0.02357559281063004 0.6019026898563158
0.023630851447705936 0.6145374706499613
0.02368611008478183 0.6260812964754808
0.023741368721857725 0.6500569347284828
0.02379662735893362 0.6534312838159423
0.023851885996009514 0.6767472748789145
0.02390714463308541 0.6901685580914416
0.023962403270161303 0.7016108997338796
0.024017661907237198 0.7257895063530445
0.024072920544313092 0.7417225230968384
0.024128179181388987 0.7543065617989432
0.02418343781846488 0.7704425469089
0.024238696455540776 0.7996699916363691
0.02429395509261667 0.8071290790928586
0.024349213729692565 0.8333119983278829
0.02440447236676846 0.845312502977269
0.024459731003844354 0.8672838286144116
0.02451498964092025 0.8864897102625835
0.024570248277996143 0.9061522707346222
0.024625506915072037 0.9305338457199501
0.024680765552147932 0.9582643987469671
0.024736024189223826 0.9784090090886429
0.02479128282629972 0.9926675368115923
0.024846541463375615 1.0184191482685203
0.02490180010045151 1.0404412159972036
0.024957058737527404 1.0780411058288955
0.0250123173746033 1.0785738977900732
0.025067576011679193 1.1079281977463942
0.025122834648755088 1.1326903384182776
0.025178093285830982 1.1563361530762648
0.025233351922906877 1.1896483361727639
0.02528861055998277 1.2055052397792465
0.025343869197058666 1.2339461820878341
0.02539912783413456 1.2629199163575995
0.025454386471210455 1.2848404999032013
0.02550964510828635 1.3239372814353454
0.025564903745362244 1.3479382907341175
0.02562016238243814 1.374527146701468
0.025675421019514033 1.3920585393287954
0.025730679656589928 1.4366354667473396
0.025785938293665822 1.4668270112140829
0.025841196930741717 1.4858299244960917
0.02589645556781761 1.5222881172681169
0.025951714204893506 1.5373331474099479
0.0260069728419694 1.5988833044488715
0.026062231479045295 1.6101480487709168
0.02611749011612119 1.631561211401111
0.026172748753197084 1.6774320621539445
0.026228007390272978 1.7123679921797474
0.026283266027348873 1.7293412218001265
0.026338524664424767 1.780742960530901
0.026393783301500662 1.7934792255076282
0.026449041938576556 1.8503103680332624
0.02650430057565245 1.8716474175261455
0.026559559212728345 1.9061012976823113
0.02661481784980424 1.9352780003182397
0.026670076486880134 1.9776983888463024
0.02672533512395603 2.023112560775269
0.026780593761031923 2.066141854401821
0.026835852398107818 2.098946616582912
0.026891111035183712 2.1162496697983064
0.026946369672259607 2.1713048391200145
0.0270016283093355 2.2140043091515516
0.027056886946411396 2.253709995782184
0.02711214558348729 2.288265360121432
0.027167404220563185 2.3288590333540276
0.02722266285763908 2.3657992759956894
0.027277921494714974 2.400227785106085
0.02733318013179087 2.445870296446985
0.027388438768866763 2.490675563277463
0.027443697405942657 2.536013622069118
0.027498956043018552 2.5967519056433903
0.027554214680094447 2.6137758773553097
0.02760947331717034 2.678015365245893
0.027664731954246236 2.711149951021999
0.02771999059132213 2.7669662517168185
0.027775249228398025 2.797310022458184
0.02783050786547392 2.8675117061048048
0.027885766502549814 2.90259986240523
0.027941025139625708 2.9462126900845003
0.027996283776701603 2.9898255177637703
0.028051542413777497 3.032524987795307
0.02810680105085339 3.0762139286118884
0.028162059687929286 3.140504158594012
0.02821731832500518 3.176251962084467
0.028272576962081075 3.2281611217306487
0.02832783559915697 3.2780405977152016
0.028383094236232864 3.3294930785375167
0.02843835287330876 3.3854869765527282
0.028493611510384653 3.4191289832442426
0.028548870147460548 3.4891784406162407
0.028604128784536442 3.5304571320846363
0.028659387421612337 3.58995223441616
0.02871464605868823 3.6469863453079574
0.028769904695764126 3.67852255520053
0.02882516333284002 3.7553207107474478
0.028880421969915915 3.803348100390763
0.02893568060699181 3.8654056783450934
0.028990939244067704 3.9167313039385574
0.0290461978811436 3.973993754242288
0.029101456518219493 4.039476423375619
0.029156715155295387 4.076061471376496
0.029211973792371282 4.123505326967092
0.029267232429447176 4.185436049692572
0.02932249106652307 4.235391638814435
0.029377749703598965 4.289863274083425
0.02943300834067486 4.354305730340171
0.029488266977750754 4.3863239901023805
0.02954352561482665 4.477101591868774
0.029598784251902543 4.532638811060118
0.029654042888978438 4.578027611943315
0.029709301526054332 4.6385121850598825
0.029764560163130227 4.709043692301519
0.02981981880020612 4.761815467503893
0.029875077437282016 4.837395812853832
0.02993033607435791 4.884611329032495
0.029985594711433805 4.954102623397545
0.0300408533485097 5.006316235592972
0.030096111985585594 5.077659616299259
0.03015137062266149 5.134592243007975
0.030206629259737383 5.200074912141306
0.030261887896813278 5.2451592604752575
0.030317146533889172 5.346034538458259
0.030372405170965067 5.370923534358994
0.03042766380804096 5.45238996232766
0.030482922445116856 5.499351768048619
0.03053818108219275 5.583761237326649
0.030593439719268645 5.633716826448512
0.03064869835634454 5.698184653751029
0.030703956993420434 5.765849232820613
0.030759215630496328 5.821284967828875
0.030814474267572223 5.872813561788503
0.030869732904648117 5.945349381645997
0.030924991541724012 6.021716229414817
0.030980250178799906 6.094150565089231
0.0310355088158758 6.159760089451415
0.031090767452951695 6.221386359627649
0.03114602609002759 6.253734442984874
0.031201284727103484 6.33862596213254
0.03125654336417938 6.395558588841256
0.03131180200125527 6.476111659162189
0.03136706063833117 6.5462879717630384
0.03142231927540706 6.576200434726307
0.03147757791248296 6.6515016985727735
0.03153283654955885 6.735403746935395
0.031588095186634746 6.777189859319199
0.03164335382371064 6.827424529944536
0.031698612460786535 6.937154302901396
0.03175387109786243 6.989444028234134
0.031809129734938324 7.057007123120636
0.03186438837201422 7.118379682839167
0.03191964700909011 7.2033473151241445
0.03197490564616601 7.236887837632577
0.0320301642832419 7.277481510865173
0.032085422920317797 7.381984848393337
0.03214068155739369 7.4580726146586835
0.032195940194469586 7.513787431170422
0.03225119883154548 7.548900958516617
0.032306457468621375 7.6478480370210695
0.03236171610569727 7.715918552822979
0.032416974742773164 7.762575905994694
0.03247223337984906 7.845666080892664
0.03252749201692495 7.896103719884164
0.03258275065400085 7.9775447768070595
0.03263800929107674 8.04224094352151
0.032693267928152636 8.114675279195923
0.03274852656522853 8.164605497272015
0.032803785202304425 8.213520873517293
0.03285904383938032 8.278343895460594
0.032914302476456214 8.369679660233937
0.03296956111353211 8.416717579092207
0.033024819750608 8.48298675064442
0.0330800783876839 8.552376560826389
0.03313533702475979 8.61519527015383
0.03319059566183569 8.702928346427777
0.03324585429891158 8.748114178944812
0.033301112935987476 8.832041598353204
0.03335637157306337 8.863577808245777
0.033411630210139265 8.90054342193321
0.03346688884721516 8.995431133114403
0.033522147484291054 9.063882214602867
0.03357740612136695 9.141289275248273
0.03363266475844284 9.18946889116621
0.03368792339551874 9.250968306113592
0.03374318203259463 9.309676906026235
0.033798440669670526 9.394137117395806
0.03385369930674642 9.457894555416752
0.033908957943822315 9.512746756372296
0.03396421658089821 9.580791901128435
0.034019475217974104 9.623288402793808
0.03407473385505 9.699401540104926
0.034129992492125893 9.767979476822243
0.03418525112920179 9.832548788307841
0.03424050976627768 9.87080832532956
0.03429576840335358 9.920865398634508
0.03435102704042947 9.985942131035513
0.034406285677505366 10.042062884279575
0.03446154431458126 10.096889714189352
0.034516802951657155 10.200911001847878
0.03457206158873305 10.27461388981081
0.034627320225808944 10.31071688794205
0.03468257886288484 10.344993170777823
0.03473783749996073 10.429022074369296
0.03479309613703663 10.480905862969708
0.03484835477411252 10.53273890947858
0.03490361341118842 10.61387551385223
0.03495887204826431 10.654596042313678
0.035014130685340206 10.709448243269224
0.0350693893224161 10.79979453725752
0.035124647959491995 10.83927188447622
0.03517990659656789 10.866900953320155
0.035235165233643784 10.961154388357087
0.03529042387071968 11.013165032186352
0.03534568250779557 11.045234034040103
0.03540094114487147 11.10840793800833
0.03545619978194736 11.181578034010085
0.035511458419023256 11.243863951376348
0.03556671705609915 11.314167119206049
0.035621975693175045 11.335123603012379
0.03567723433025094 11.422831308240557
0.035732492967326834 11.465099470493996
0.03578775160440273 11.520839658051505
0.03584301024147862 11.553822017552989
0.03589826887855452 11.626687661005498
0.03595352751563041 11.701659101256949
0.03600878615270631 11.765238941957502
0.0360640447897822 11.803752189436928
0.036119303426858096 11.859949055818303
0.03617456206393399 11.925736177500879
0.036229820701009885 11.98502831146624
0.03628507933808578 12.062536856294727
0.036340337975161674 12.105337810509345
0.03639559661223757 12.130759598371258
0.03645085524931346 12.191776963449003
0.03650611388638936 12.27392840965347
0.03656137252346525 12.311731267851325
0.036616631160541147 12.347580555524862
0.03667188979761704 12.409790359753814
0.036727148434692936 12.459416125280661
0.03678240707176883 12.5254062153294
0.036837665708844725 12.586829517139474
0.03689292434592062 12.637571608680219
0.036948182982996514 12.66900633438971
0.03700344162007241 12.732763772410657
0.0370587002571483 12.811185674886877
0.0371139588942242 12.859339919759044
0.03716921753130009 12.905134657374566
0.037224476168375986 12.954963391267578
0.03727973480545188 12.991979747046551
0.037334993442527775 13.084381095742247
0.03739025207960367 13.138776617873926
0.037445510716679564 13.182110364049722
0.03750076935375546 13.265378136268085
0.03755602799083135 13.262206755546787
0.03761128662790725 13.34889961894415
0.03766654526498314 13.406973942712533
0.03772180390205904 13.452844793465365
0.03777706253913493 13.50962519389946
0.037832321176210826 13.573128921462702
0.03788757981328672 13.655534078124871
0.037942838450362615 13.695036796389342
0.03799809708743851 13.751664970548813
0.038053355724514404 13.800301265290617
0.0381086143615903 13.880296172604602
0.03816387299866619 13.903916616216817
0.03821913163574209 13.989620008829135
0.03827439027281798 14.033816370561125
0.038329648909893876 14.154887000977341
0.03838490754696977 14.161737183335344
0.038440166184045665 14.213798569256147
0.03849542482112156 14.264160095110336
0.038550683458197454 14.356358475439869
0.03860594209527335 14.366735233159952
0.038661200732349243 14.459415663359122
0.03871645936942514 14.572621269586524
0.03877171800650103 14.599742917515053
0.03882697664357693 14.637977083491004
0.03888223528065282 14.759428279593775
0.038937493917728716 14.781323492093609
0.03899275255480461 14.837368132200362
0.039048011191880505 14.890824925638535
0.0391032698289564 15.030238822146732
0.039158528466032294 15.059948316743837
0.03921378710310819 15.127181588035326
0.03926904574018408 15.191903125795545
0.03932430437725998 15.232293830661979
0.03937956301433587 15.341287843291498
0.03943482165141177 15.363512879386343
0.03949008028848766 15.473978412670546
0.039545338925563556 15.520737250025343
0.03960059756263945 15.614229553689164
0.039655856199715345 15.659136304702725
0.03971111483679124 15.793932670880713
0.039766373473867134 15.849089324385503
0.03982163211094303 15.934919572226672
0.03987689074801892 16.002381182930094
0.03993214938509482 16.040463122631422
0.03998740802217071 16.162218771283438
0.040042666659246606 16.231329499961934
0.0400979252963225 16.29929853158076
0.040153183933398395 16.42389573735906
0.04020844257047429 16.47631231792065
0.040263701207550184 16.578735229695642
0.04031895984462608 16.63300389659847
0.04037421848170197 16.734767161183434
0.04042947711877787 16.839803290672776
0.04048473575585376 16.918834098247487
0.04053999439292966 17.011210075897413
0.04059525303000555 17.087526181574695
0.040650511667081446 17.222525516118843
0.04070577030415734 17.306351451344156
0.040761028941233235 17.41093090200963
0.04081628757830913 17.51652519450592
0.040871546215385024 17.609002656338927
0.04092680485246092 17.702063652224652
0.04098206348953681 17.822373151267758
0.04103732212661271 17.90482905002147
0.0410925807636886 18.0125291393167
0.0411478394007645 18.13314309090905
0.04120309803784039 18.219886696397957
0.041258356674916286 18.37602011206883
0.04131361531199218 18.45878046337178
0.041368873949068075 18.562471927435297
0.04142413258614397 18.718757569380788
0.041479391223219864 18.82318479377164
0.04153464986029576 18.994616950042047
0.04158990849737165 19.078823450953912
0.04164516713444755 19.227117213481744
0.04170042577152344 19.33809016768135
0.041755684408599336 19.498359063812796
0.04181094304567523 19.606718800298054
0.041866201682751125 19.718249917504615
0.04192146031982702 19.86202763388531
0.041976718956902914 20.012097369617067
0.04203197759397881 20.160467245282202
0.0420872362310547 20.293183185707022
0.0421424948681306 20.42386944247021
0.04219775350520649 20.551460431649414
0.04225301214228239 20.737430197146242
0.04230827077935828 20.909395145377825
0.042363529416434176 21.03345955919495
0.04241878805351007 21.17771932544529
0.042474046690585965 21.388831797300554
0.04252930532766186 21.517868936088668
0.042584563964737754 21.684734304120408
0.04263982260181365 21.854694939736135
0.04269508123888954 22.00945831893541
0.04275033987596544 22.175511813502496
0.04280559851304133 22.38226046548526
0.042860857150117226 22.538622220568065
0.04291611578719312 22.7725432625709
0.042971374424269015 22.9019355959998
0.04302663306134491 23.07717340913576
0.043081891698420804 23.281258101312638
0.0431371503354967 23.516498437695528
0.043192408972572593 23.642288082625033
0.04324766760964849 23.852664794152965
0.04330292624672438 24.130350890109693
0.04335818488380028 24.229247226522602
0.04341344352087617 24.468699156503376
0.043468702157952066 24.67727452378161
0.04352396079502796 24.888031800996096
0.043579219432103855 25.138114199154654
0.04363447806917975 25.294501325283232
0.043689736706255644 25.52263776885042
0.04374499534333154 25.77703324478994
0.04380025398040743 25.98997243194068
0.04385551261748333 26.204230913471477
0.04391077125455922 26.431936049260568
0.04396602989163512 26.675650314930763
0.04402128852871101 26.96330723187525
0.044076547165786906 27.11553350649748
0.0441318058028628 27.38926171931403
0.044187064439938695 27.664030145007164
0.04424232307701459 27.866516461300506
0.044297581714090484 28.179671279244214
0.04435284035116638 28.400475490583766
0.04440809898824227 28.627191155587816
0.04446335762531817 28.922078820576854
0.04451861626239406 29.183172252599757
0.044573874899469956 29.464283439735482
0.04462913353654585 29.709494597106133
0.044684392173621745 29.980000687109843
0.04473965081069764 30.214708231531556
0.044794909447773534 30.585049386641685
0.04485016808484943 30.78690142679077
0.04490542672192532 31.096555040418163
0.04496068535900122 31.388854858738625
0.04501594399607711 31.68635574144201
0.04507120263315301 31.99271111911926
0.0451264612702289 32.24951684440697
0.045181719907304796 32.53230252056354
0.04523697854438069 32.89663073782609
0.045292237181456585 33.148438367097036
0.04534749581853248 33.50010643252016
0.045402754455608374 33.806284212877024
0.04545801309268427 34.12073295415502
0.04551327172976016 34.42064408620659
0.04556853036683606 34.7210372681278
0.04562378900391195 34.99514604663091
0.04567904764098785 35.30538319431102
0.04573430627806374 35.637566296582506
0.045789564915139636 36.0213794769967
0.04584482355221553 36.347625754557924
0.045900082189291425 36.61526491638958
0.04595534082636732 36.935980305972855
0.046010599463443214 37.28985565237801
0.04606585810051911 37.7181189049819
0.046121116737595 37.997479489959474
0.0461763753746709 38.26983766630442
0.04623163401174679 38.57931368261142
0.046286892648822686 38.99844335873797
0.04634215128589858 39.334203778463085
0.046397409922974475 39.686531491076245
0.04645266856005037 39.98471739201543
0.046507927197126264 40.33625860220971
0.04656318583420216 40.69315310306154
0.04661844447127805 41.10675189121015
0.04667370310835395 41.43127293765898
0.04672896174542984 41.767794488757204
0.04678422038250574 42.16454690251429
0.04683947901958163 42.5589651800605
0.046894737656657526 42.81239655626075
0.04694999629373342 43.23680340990754
0.047005254930809315 43.56360785047571
0.04706051356788521 43.88125334352077
0.047115772204961104 44.2792489385206
0.047171030842037 44.64631722872635
0.04722628947911289 44.98382825060962
0.04728154811618879 45.32007072020436
0.04733680675326468 45.63538207703855
0.047392065390340576 46.00671270293372
0.04744732402741647 46.389231960013625
0.047502582664492365 46.81366418470619
0.04755784130156826 47.1542197320819
0.047613099938644154 47.549602109367385
0.04766835857572005 47.88731609961681
0.047723617212795943 48.26133605636364
0.04777887584987184 48.61348617165641
0.04783413448694773 48.98598386565702
0.04788939312402363 49.3233934033572
0.04794465176109952 49.634188714044264
0.047999910398175416 50.02804882858352
0.04805516903525131 50.39159054342719
0.048110427672327205 50.74277655898069
0.0481656863094031 51.10017848074793
0.048220944946478994 51.3930618331211
0.04827620358355489 51.700533536812245
0.04833146222063078 52.097412805798186
0.04838672085770668 52.392427326016076
0.04844197949478257 52.80836025037556
0.04849723813185847 53.12884730054691
0.04855249676893436 53.46618072510977
0.048607755406010256 53.72042397477468
0.04866301404308615 54.14315633940062
0.048718272680162045 54.46678939924749
0.04877353131723794 54.72861859159774
0.048828789954313834 55.101801303834144
0.04888404859138973 55.441773317157136
0.04893930722846562 55.76116941236035
0.04899456586554152 56.03444094635304
0.04904982450261741 56.384130070206076
0.049105083139693306 56.662145989757825
0.0491603417767692 56.98326731607342
0.049215600413845095 57.24803954973303
0.04927085905092099 57.54282573053899
0.049326117687996884 57.84126534193588
0.04938137632507278 58.152086023668716
0.04943663496214867 58.43337480812483
0.04949189359922457 58.68000674405862
0.04954715223630046 58.938613813596035
0.04960241087337636 59.226422956815135
0.04965766951045225 59.4626273929373
0.049712928147528146 59.71572894554254
0.04976818678460404 59.97606124619233
0.049823445421679935 60.30819360637228
0.04987870405875583 60.573371776764205
0.049933962695831724 60.82177968590192
0.04998922133290762 61.015741330816425
0.05004447996998351 61.280056885652165
0.05009973860705941 61.50263707019564
0.0501549972441353 61.71567774152946
0.0502102558812112 61.94442309019514
0.05026551451828709 62.110070648029904
0.050320773155362986 62.324658953155705
0.05037603179243888 62.50857366394514
0.050431290429514775 62.62111962298251
0.05048654906659067 62.99775279744369
0.050541807703666564 63.03910760204939
0.05059706634074246 63.20835784838355
0.05065232497781835 63.4519452588249
0.05070758361489425 63.576238012053956
0.05076284225197014 63.739170867991284
0.050818100889046036 63.776796128868746
0.05087335952612193 63.9996553949157
0.050928618163197825 64.14066766730743
0.05098387680027372 64.22385932638848
0.051039135437349614 64.305452609586
0.05109439407442551 64.4899001123366
0.0511496527115014 64.59559588901597
0.0512049113485773 64.7728380147678
0.05126016998565319 64.79237372001099
0.05131542862272909 64.9047928238195
0.05137068725980498 65.02370691534524
0.051425945896880876 65.03596113045234
0.05148120453395677 65.1264089086237
0.051536463171032665 65.08155289970169
0.05159172180810856 65.20079681482244
0.051646980445184454 65.30639110731873
0.05170223908226035 65.21185859077832
0.05175749771933624 65.29713067561254
0.05181275635641214 65.34487898375238
0.05186801499348803 65.29969315123535
0.051923273630563926 65.37626296737034
0.05197853226763982 65.28995066965953
0.052033790904715715 65.29327427665544
0.05208904954179161 65.27071941696559
0.052144308178867504 65.28142599828068
0.0521995668159434 65.31560079693338
0.052254825453019293 65.13155923091509
0.05231008409009519 65.16801742368712
0.05236534272717108 65.07789946911076
0.05242060136424698 64.9964330411421
0.05247586000132287 64.95654975719107
0.052531118638398766 64.82807078140989
0.05258637727547466 64.76900698685647
0.052641635912550555 64.6078247330773
0.05269689454962645 64.48388717448903
0.052752153186702344 64.47084645696306
0.05280741182377824 64.31283558390517
0.05286267046085413 64.15819905993474
0.05291792909793003 64.09210748570294
0.05297318773500592 63.967256569466926
0.05302844637208182 63.710070278492665
0.05308370500915771 63.626751764182764
0.053138963646233606 63.48546041028756
0.0531942222833095 63.313749172513674
0.053249480920385395 63.1030680084365
0.05330473955746129 62.954444422313664
0.053359998194537184 62.72536925005297
0.05341525683161308 62.537623511352216
0.05347051546868897 62.33625352107277
0.05352577410576487 62.2082058530697
0.05358103274284076 61.91742829749546
0.053636291379916656 61.74338292351071
0.05369155001699255 61.442888257406416
0.053746808654068445 61.2191410047575
0.05380206729114434 60.932575042781146
0.053857325928220234 60.735924067014984
0.05391258456529613 60.38666625094004
0.05396784320237202 60.1955715341976
0.05402310183944792 59.8615109745391
0.05407836047652381 59.67932149486206
0.05413361911359971 59.39044676772059
0.0541888777506756 59.103145045416895
0.054244136387751496 58.7980328489824
0.05429939502482739 58.498248572159675
0.054354653661903285 58.1640865283181
0.05440991229897918 57.85514330397228
0.054465170936055074 57.61660473163923
0.05452042957313097 57.186286424327946
0.05457568821020686 56.82312527517083
0.05463094684728276 56.49520450858877
0.05468620548435865 56.24885165415846
0.05474146412143455 55.89817305952037
0.05479672275851044 55.60346299185172
0.054851981395586336 55.16000248283138
0.05490724003266223 54.83987062730082
0.054962498669738125 54.472117318859276
0.05501775730681402 54.09639750204583
0.055073015943889914 53.77185108455122
0.05512827458096581 53.340086627631024
0.0551835332180417 52.994203160643536
0.0552387918551176 52.594406221394
0.05529405049219349 52.20483381358994
0.055349309129269386 51.79138725171595
0.05540456776634528 51.446315658193114
0.055459826403421175 51.00658469290102
0.05551508504049707 50.617265995554654
0.055570343677572964 50.25440929894678
0.05562560231464886 49.82046293209034
0.05568086095172475 49.40049601145336
0.05573611958880065 49.07333637624441
0.05579137822587654 48.652557582142784
0.05584663686295244 48.19400130088908
0.05590189550002833 47.76946759201343
0.055957154137104226 47.36365771491632
0.05601241277418012 46.89452170757637
0.056067671411256015 46.56614426217043
0.05612293004833191 46.07952760429469
0.056178188685407804 45.64903169966301
0.0562334473224837 45.16979801610645
0.05628870595955959 44.80884414793136
0.05634396459663549 44.340875208696836
0.05639922323371138 43.915098318578444
0.056454481870787276 43.50626928703467
0.05650974050786317 43.02249418628521
0.056564999144939065 42.556681785941166
0.05662025778201496 42.17368047899163
0.056675516419090854 41.709948504400764
0.05673077505616675 41.32953504411979
0.056786033693242643 40.894700690661374
0.05684129233031854 40.41544163605904
0.05689655096739443 39.990400506267996
0.05695180960447033 39.500967662311744
0.05700706824154622 39.10142443351992
0.057062326878622116 38.703022901787755
0.05711758551569801 38.21239761868029
0.057172844152773905 37.77708121535224
0.0572281027898498 37.33661448973281
0.057283361426925694 36.93823832904642
0.05733862006400159 36.45740626960632
0.05739387870107748 36.02006018261664
0.05744913733815338 35.5782234205256
0.05750439597522927 35.16322922485962
0.05755965461230517 34.71915981074079
0.05761491324938106 34.320732907962864
0.057670171886456956 33.86210051357184
0.05772543052353285 33.45984258288259
0.057780689160608745 33.03528350296118
0.05783594779768464 32.57282008065882
0.057891206434760534 32.173302222912774
0.05794646507183643 31.729511890297413
0.05800172370891232 31.248070925758828
0.05805698234598822 30.841271577876675
0.05811224098306411 30.46560250315477
0.058167499620140006 30.034599177607685
0.0582227582572159 29.659437523801188
0.058278016894291795 29.198242653787357
0.05833327553136769 28.81503837847165
0.058388534168443584 28.43893799597165
0.05844379280551948 27.986343910473973
0.05849905144259537 27.58132053579575
0.05855431007967127 27.253577366534078
0.05860956871674716 26.774927217030232
0.05866482735382306 26.40283545976195
0.05872008599089895 26.02757232177237
0.058775344627974846 25.597127159232233
0.05883060326505074 25.227445651312134
0.058885861902126635 24.821661145260798
0.05894112053920253 24.447235251781642
0.058996379176278424 24.07780745431925
0.05905163781335432 23.726570696674216
0.05910689645043021 23.346664657308654
0.05916215508750611 22.955367018392202
0.059217413724582 22.62978038802101
0.0592726723616579 22.24817448858884
0.05932793099873379 21.915839160042733
0.059383189635809686 21.535780894402553
0.05943844827288558 21.196138704674574
0.059493706909961475 20.823285816033184
0.05954896554703737 20.478797756563065
0.059604224184113264 20.101428821774547
0.05965948282118916 19.788527714288545
0.05971474145826505 19.47900095589
0.05977000009534095 19.096481698810095
0.05982525873241684 18.815725706315153
0.059880517369492736 18.460328097163778
0.05993577600656863 18.110765828539584
0.059991034643644525 17.849241088738584
0.06004629328072042 17.49488369246379
0.060101551917796314 17.18814774909999
0.06015681055487221 16.89026630071005
0.0602120691919481 16.534741836329818
0.060267327829024 16.24820124539923
0.06032258646609989 15.957119237275748
0.06037784510317579 15.683949187466148
0.06043310374025168 15.375082076257634
0.060488362377327576 15.053326473797771
0.06054362101440347 14.774194228232133
0.060598879651479365 14.509701076076
0.06065413828855526 14.271974377207611
0.060709396925631154 13.934717065782051
0.06076465556270705 13.732180007397167
0.06081991419978294 13.467128692234086
0.06087517283685884 13.220319158979903
0.06093043147393473 12.932865210401584
0.060985690111010626 12.651830136403166
0.06104094874808652 12.406872689490221
0.061096207385162415 12.153238344923809
0.06115146602223831 11.929110526588339
0.061206724659314204 11.666900768551539
0.0612619832963901 11.455407731009714
0.061317241933465993 11.21605728521202
0.06137250057054189 11.000530251392705
0.06142775920761778 10.726852780667699
0.06148301784469368 10.531901664968156
0.06153827648176957 10.33248524521303
0.061593535118845466 10.104780109423936
0.06164879375592136 9.878876317884542
0.061704052392997255 9.655737970334116
0.06175931103007315 9.471341209675048
0.061814569667149044 9.26563277056887
0.06186982830422494 9.062283838719333
0.06192508694130083 8.85761561248974
0.06198034557837673 8.675552988041545
0.06203560421545262 8.489075801629308
0.06209086285252852 8.320434460393642
0.06214612148960441 8.0994526517337
0.062201380126680306 7.939386723968419
0.0622566387637562 7.776301641756465
0.062311897400832095 7.560064218655581
0.06236715603790799 7.415322402535606
0.062422414674983884 7.2585039686289345
0.06247767331205978 7.087680717457016
0.06253293194913567 6.915665027133891
0.06258819058621157 6.735936538896573
0.06264344922328746 6.601850562000155
0.06269870786036336 6.45101969489529
0.06275396649743925 6.312874350675613
0.06280922513451515 6.1642761355985405
0.06286448377159104 5.995000518218616
0.06291974240866693 5.869591438975665
0.06297500104574283 5.728122487760068
0.06303025968281872 5.583431413731635
0.06308551831989462 5.442114688790659
0.06314077695697051 5.309956911372789
0.0631960355940464 5.181706275003557
0.0632512942311223 5.048254574251398
0.0633065528681982 4.94963731934196
0.06336181150527409 4.827602589186468
0.06341707014234998 4.727488442576579
0.06347232877942588 4.585385215216723
0.06352758741650177 4.469591762320743
0.06358284605357767 4.352783467593948
0.06363810469065356 4.227120677893294
0.06369336332772946 4.139945764626294
0.06374862196480535 4.039704762787553
0.06380388060188125 3.947430269320708
0.06385913923895714 3.834554486688321
0.06391439787603304 3.7432440929607504
0.06396965651310893 3.643282172625483
0.06402491515018482 3.5477601853000307
0.06408017378726072 3.474970654984832
0.06413543242433661 3.3613083699335635
0.06419069106141251 3.2764929639232085
0.0642459496984884 3.1842945835936747
0.0643012083355643 3.0998597432698753
0.06435646697264019 3.0077374760776534
0.06441172560971609 2.9397938155045957
0.06446698424679198 2.860179473877167
0.06452224288386788 2.776201312377234
0.06457750152094377 2.6977286678094723
0.06463276015801966 2.6339204876969853
0.06468801879509556 2.5689959815706027
0.06474327743217145 2.4846372543841144
0.06479853606924735 2.4336921944772065
0.06485379470632324 2.3661544706364745
0.06490905334339914 2.302752227256314
0.06496431198047503 2.231967009556975
0.06501957061755093 2.166103774737088
0.06507482925462682 2.100418137237594
0.06513008789170271 2.052796684326605
0.06518534652877861 1.9911957851961406
0.0652406051658545 1.9400223858772994
0.0652958638029304 1.8914622042728064
0.06535112244000629 1.8184950766372154
0.06540638107708219 1.7744509411798488
0.06546163971415808 1.7413163554037423
0.06551689835123398 1.6724593371829515
0.06557215698830987 1.6305717406160665
0.06562741562538577 1.5915764432670043
0.06568267426246166 1.538221134011911
0.06573793289953755 1.4998601128071076
0.06579319153661345 1.4514775285230075
0.06584845017368934 1.3942404492650473
0.06590370881076524 1.3617655106789706
0.06595896744784113 1.3261953045089083
0.06601422608491703 1.279842403886438
0.06606948472199292 1.2395024411115458
0.06612474335906882 1.213421006059603
0.06618000199614471 1.1795252889103853
0.0662352606332206 1.1362676558719003
0.0662905192702965 1.0932129911995783
0.0663457779073724 1.0640616596094203
0.06640103654444829 1.0454139409681966
0.06645629518152418 1.0023592762958746
0.06651155381860008 0.9758719045116057
0.06656681245567597 0.956336199268419
0.06662207109275187 0.9217808349291716
0.06667732972982776 0.8921981955609173
0.06673258836690366 0.8611694065837519
0.06678784700397955 0.8361281844083942
0.06684310564105544 0.8091080206629476
0.06689836427813134 0.795991189999665
0.06695362291520723 0.7580361055271878
0.06700888155228313 0.7419762335545421
0.06706414018935902 0.7117085759504878
0.06711939882643492 0.6956487039778421
0.06717465746351081 0.6721804866402474
0.0672299161005867 0.644145481063986
0.0672851747376626 0.6283393195490439
0.0673404333747385 0.6074335778342571
0.06739569201181439 0.5900544114815519
0.06745095064889028 0.5748825261108692
0.06750620928596618 0.554433463219949
0.06756146792304207 0.533248640001688
0.06761672656011797 0.5192691937822128
0.06767198519719386 0.49810974160972216
0.06772724383426976 0.4855764449991582
0.06778250247134565 0.47591007656064627
0.06783776110842155 0.4530761353673111
0.06789301974549744 0.4373968290812209
0.06794827838257333 0.4239501748229235
0.06800353701964923 0.4101736969696113
0.06805879565672512 0.40339962774892185
0.06811405429380102 0.3831027911326239
0.06816931293087691 0.3769883691019641
0.06822457156795281 0.3643535883083187
0.0682798302050287 0.3445134305158874
0.0683350888421046 0.33626784064051635
0.06839034747918049 0.33040712906756037
0.06844560611625639 0.3178230903654556
0.06850086475333228 0.30556887525836574
0.06855612339040817 0.29115812126079416
0.06861138202748407 0.28697189870868267
0.06866664066455996 0.27837111419252647
0.06872189930163586 0.26799435647244413
0.06877715793871175 0.25728777515734697
0.06883241657578765 0.24404408926521254
0.06888767521286354 0.24462762331793111
0.06894293384993944 0.23247489239392272
0.06899819248701533 0.22488894970858134
0.06905345112409123 0.21783579898441782
0.06910870976116712 0.20915890133095041
0.06916396839824301 0.20289225302566843
0.06921922703531891 0.20045663263171268
0.0692744856723948 0.1889381778519636
0.0693297443094707 0.1850564078490966
0.06938500294654659 0.17683618901949594
0.06944026158362249 0.17130530104155473
0.06949552022069838 0.16460734495817642
0.06955077885777428 0.15940628057525005
0.06960603749485017 0.15400224782616073
0.06966129613192606 0.15138903011181237
0.06971655476900196 0.14398068474686362
0.06977181340607785 0.14116449866635228
0.06982707204315375 0.13456802676605545
0.06988233068022964 0.1296206728408328
0.06993758931730554 0.12398830067981013
0.06999284795438143 0.11977670708192831
0.07004810659145733 0.11863501002226155
0.07010336522853322 0.11272355635776476
0.07015862386560912 0.11132814884039428
0.07021388250268501 0.10272736432423803
0.0702691411397609 0.10287959059886026
0.0703243997768368 0.10092602007454159
0.0703796584139127 0.09640997392741528
0.07043491705098859 0.09204615405491122
0.07049017568806448 0.09006721248482218
0.07054543432514038 0.08788530254857015
0.07060069296221627 0.08347074058452533
0.07065595159929217 0.08197384888407336
0.07071121023636806 0.07938600221549537
0.07076646887344396 0.07334769332214675
0.07082172751051985 0.07492069815990982
0.07087698614759574 0.07284027240673929
0.07093224478467164 0.06807051580190926
0.07098750342174753 0.0664721399183758
0.07104276205882343 0.06355446965478297
0.07109802069589932 0.06101736507774573
0.07115327933297522 0.061677012267775416
0.07120853797005111 0.057414676578352836
0.071263796607127 0.0550551693217082
0.0713190552442029 0.05472534572669336
0.0713743138812788 0.05234046742427836
0.07142957251835469 0.05069134944920414
0.07148483115543058 0.049727249709929984
0.07154008979250648 0.049042231474129935
0.07159534842958237 0.04719014513289274
0.07165060706665827 0.04546491402050742
0.07170586570373416 0.04495749310509997
0.07176112434081006 0.04066978636990703
0.07181638297788595 0.041709999246492296
0.07187164161496185 0.04163388610918118
0.07192690025203774 0.03884307107444021
0.07198215888911363 0.0386654737540476
0.07203741752618953 0.03909678153214394
0.07209267616326542 0.036813387412810414
0.07214793480034132 0.033616635645743485
0.07220319343741721 0.03478370375118062
0.0722584520744931 0.03414942760692131
0.072313710711569 0.03308384368456567
0.0723689693486449 0.032221228128373004
0.07242422798572079 0.03168843616719518
0.07247948662279668 0.03255105172338785
0.07253474525987258 0.02937967100209129
0.07259000389694847 0.029887091917498738
0.07264526253402437 0.029125960544387566
0.07270052117110026 0.0282633449881949
0.07275577980817616 0.026614227013120693
0.07281103844525205 0.025802353548468774
0.07286629708232795 0.025371045770372445
0.07292155571940384 0.025320303678831698
0.07297681435647974 0.024406946031098293
0.07303207299355563 0.024838253809194622
0.07308733163063152 0.023823411978379724
0.07314259026770742 0.023341362108742648
0.07319784890478331 0.022656343872942596
0.07325310754185921 0.022275778186387003
0.0733083661789351 0.022757828056024082
0.073363624816011 0.02270708596448334
0.07341888345308689 0.02141316263019434
0.07347414209016279 0.02105796798940913
0.07352940072723868 0.0210833390351795
0.07358465936431458 0.02082962857747578
0.07363991800139047 0.020347578707838702
0.07369517663846636 0.01900291328200896
0.07375043527554226 0.0196118183804979
0.07380569391261815 0.020068497204364603
0.07386095254969405 0.019561076288957154
0.07391621118676994 0.01869846073276449
0.07397146982384584 0.018394008183520022
0.07402672846092173 0.01816566877158667
0.07408198709799763 0.019180510602401567
0.07413724573507352 0.019180510602401567
0.07419250437214941 0.01872383177853486
0.07424776300922531 0.01826715295466816
0.0743030216463012 0.01745527949001624
0.0743582802833771 0.017708989947719966
0.07441353892045299 0.016846374391527304
0.07446879755752889 0.016592663933823578
0.07452405619460478 0.016973229620379164
0.07457931483168068 0.016212098247267992
0.07463457346875657 0.017303053215394007
0.07468983210583247 0.016998600666149537
0.07474509074290836 0.016541921842282835
0.07480034937998425 0.01585690360648278
0.07485560801706015 0.015577822103008681
0.07491086665413604 0.014867432821438252
0.07496612529121194 0.016364324521890225
0.07502138392828783 0.016770261254216184
0.07507664256536373 0.015603193148779053
0.07513190120243962 0.015577822103008681
0.07518715983951552 0.01413167249409745
0.07524241847659141 0.015653935240319796
0.0752976771136673 0.015019659096060487
0.0753529357507432 0.015324111645304957
0.0754081943878191 0.014283898768719687
0.07546345302489499 0.015933016743793896
0.07551871166197088 0.01547633791992719
0.07557397029904678 0.016364324521890225
0.07562922893612267 0.015222627462223467
0.07568448757319857 0.015933016743793896
